well	row	col	MASTER_MIX_vol	TSO	TSO_vol	BARCODE_ID	BARCODE_SEQ	RT_PRIMERS	RT_PRIMERS_vol	RNA	RNA_vol	RNA_group	H2O_vol	total_volume	PRIMERS_RATIO
A01	A	1	350	80	100	1	ACACAG	0	0	100	25	100ng	25	500	no_RT_PRIMERS
A02	A	2	350	80	100	2	ACACGT	0.125	25	100	25	100ng	0	500	640
A03	A	3	350	80	100	3	ACACTC	0.25	25	100	25	100ng	0	500	320
A04	A	4	350	80	100	4	ACAGAT	0.5	25	100	25	100ng	0	500	160
A05	A	5	350	80	100	5	ACAGCA	1	25	100	25	100ng	0	500	80
A06	A	6	350	80	100	6	ACAGTG	2	25	100	25	100ng	0	500	40
A07	A	7	350	80	100	7	ACATAC	4	25	100	25	100ng	0	500	20
A08	A	8	350	80	100	1	ACACAG	0	0	10	25	10ng	25	500	no_RT_PRIMERS
A09	A	9	350	80	100	2	ACACGT	0.125	25	10	25	10ng	0	500	640
A10	A	10	350	80	100	3	ACACTC	0.25	25	10	25	10ng	0	500	320
A11	A	11	350	80	100	4	ACAGAT	0.5	25	10	25	10ng	0	500	160
A12	A	12	350	80	100	5	ACAGCA	1	25	10	25	10ng	0	500	80
A13	A	13	350	80	100	6	ACAGTG	2	25	10	25	10ng	0	500	40
A14	A	14	350	80	100	7	ACATAC	4	25	10	25	10ng	0	500	20
A15	A	15	350	80	100	1	ACACAG	0	0	1	25	1ng	25	500	no_RT_PRIMERS
A16	A	16	350	80	100	2	ACACGT	0.125	25	1	25	1ng	0	500	640
A17	A	17	350	80	100	3	ACACTC	0.25	25	1	25	1ng	0	500	320
A18	A	18	350	80	100	4	ACAGAT	0.5	25	1	25	1ng	0	500	160
A19	A	19	350	80	100	5	ACAGCA	1	25	1	25	1ng	0	500	80
A20	A	20	350	80	100	6	ACAGTG	2	25	1	25	1ng	0	500	40
A21	A	21	350	80	100	7	ACATAC	4	25	1	25	1ng	0	500	20
A22	A	22	NA	NA	NA	NA	NA	NA	NA	NA	NA	NA	NA	NA	NA
A23	A	23	NA	NA	NA	NA	NA	NA	NA	NA	NA	NA	NA	NA	NA
A24	A	24	NA	NA	NA	NA	NA	NA	NA	NA	NA	NA	NA	NA	NA
B01	B	1	350	40	50	8	ACATCT	0	0	100	25	100ng	75	500	no_RT_PRIMERS
B02	B	2	350	40	50	9	ACATGA	0.125	25	100	25	100ng	50	500	320
B03	B	3	350	40	50	10	AGTACG	0.25	25	100	25	100ng	50	500	160
B04	B	4	350	40	50	11	AGTAGC	0.5	25	100	25	100ng	50	500	80
B05	B	5	350	40	50	12	AGTATA	1	25	100	25	100ng	50	500	40
B06	B	6	350	40	50	13	AGTCAG	2	25	100	25	100ng	50	500	20
B07	B	7	350	40	50	14	AGTCGT	4	25	100	25	100ng	50	500	10
B08	B	8	350	40	50	8	ACATCT	0	0	10	25	10ng	75	500	no_RT_PRIMERS
B09	B	9	350	40	50	9	ACATGA	0.125	25	10	25	10ng	50	500	320
B10	B	10	350	40	50	10	AGTACG	0.25	25	10	25	10ng	50	500	160
B11	B	11	350	40	50	11	AGTAGC	0.5	25	10	25	10ng	50	500	80
B12	B	12	350	40	50	12	AGTATA	1	25	10	25	10ng	50	500	40
B13	B	13	350	40	50	13	AGTCAG	2	25	10	25	10ng	50	500	20
B14	B	14	350	40	50	14	AGTCGT	4	25	10	25	10ng	50	500	10
B15	B	15	350	40	50	8	ACATCT	0	0	1	25	1ng	75	500	no_RT_PRIMERS
B16	B	16	350	40	50	9	ACATGA	0.125	25	1	25	1ng	50	500	320
B17	B	17	350	40	50	10	AGTACG	0.25	25	1	25	1ng	50	500	160
B18	B	18	350	40	50	11	AGTAGC	0.5	25	1	25	1ng	50	500	80
B19	B	19	350	40	50	12	AGTATA	1	25	1	25	1ng	50	500	40
B20	B	20	350	40	50	13	AGTCAG	2	25	1	25	1ng	50	500	20
B21	B	21	350	40	50	14	AGTCGT	4	25	1	25	1ng	50	500	10
B22	B	22	NA	NA	NA	NA	NA	NA	NA	NA	NA	NA	NA	NA	NA
B23	B	23	NA	NA	NA	NA	NA	NA	NA	NA	NA	NA	NA	NA	NA
B24	B	24	NA	NA	NA	NA	NA	NA	NA	NA	NA	NA	NA	NA	NA
C01	C	1	350	20	25	15	AGTCTC	0	0	100	25	100ng	100	500	no_RT_PRIMERS
C02	C	2	350	20	25	16	AGTGAT	0.125	25	100	25	100ng	75	500	160
C03	C	3	350	20	25	17	AGTGCA	0.25	25	100	25	100ng	75	500	80
C04	C	4	350	20	25	18	AGTGTG	0.5	25	100	25	100ng	75	500	40
C05	C	5	350	20	25	19	ATCACG	1	25	100	25	100ng	75	500	20
C06	C	6	350	20	25	20	ATCAGC	2	25	100	25	100ng	75	500	10
C07	C	7	350	20	25	21	ATCATA	4	25	100	25	100ng	75	500	5
C08	C	8	350	20	25	15	AGTCTC	0	0	10	25	10ng	100	500	no_RT_PRIMERS
C09	C	9	350	20	25	16	AGTGAT	0.125	25	10	25	10ng	75	500	160
C10	C	10	350	20	25	17	AGTGCA	0.25	25	10	25	10ng	75	500	80
C11	C	11	350	20	25	18	AGTGTG	0.5	25	10	25	10ng	75	500	40
C12	C	12	350	20	25	19	ATCACG	1	25	10	25	10ng	75	500	20
C13	C	13	350	20	25	20	ATCAGC	2	25	10	25	10ng	75	500	10
C14	C	14	350	20	25	21	ATCATA	4	25	10	25	10ng	75	500	5
C15	C	15	350	20	25	15	AGTCTC	0	0	1	25	1ng	100	500	no_RT_PRIMERS
C16	C	16	350	20	25	16	AGTGAT	0.125	25	1	25	1ng	75	500	160
C17	C	17	350	20	25	17	AGTGCA	0.25	25	1	25	1ng	75	500	80
C18	C	18	350	20	25	18	AGTGTG	0.5	25	1	25	1ng	75	500	40
C19	C	19	350	20	25	19	ATCACG	1	25	1	25	1ng	75	500	20
C20	C	20	350	20	25	20	ATCAGC	2	25	1	25	1ng	75	500	10
C21	C	21	350	20	25	21	ATCATA	4	25	1	25	1ng	75	500	5
C22	C	22	NA	NA	NA	NA	NA	NA	NA	NA	NA	NA	NA	NA	NA
C23	C	23	NA	NA	NA	NA	NA	NA	NA	NA	NA	NA	NA	NA	NA
C24	C	24	NA	NA	NA	NA	NA	NA	NA	NA	NA	NA	NA	NA	NA
D01	D	1	350	10	100	22	ATCGAT	0	0	100	25	100ng	25	500	no_RT_PRIMERS
D02	D	2	350	10	100	23	ATCGCA	0.125	25	100	25	100ng	0	500	80
D03	D	3	350	10	100	24	ATCGTG	0.25	25	100	25	100ng	0	500	40
D04	D	4	350	10	100	25	ATCTAC	0.5	25	100	25	100ng	0	500	20
D05	D	5	350	10	100	26	ATCTCT	1	25	100	25	100ng	0	500	10
D06	D	6	350	10	100	27	ATCTGA	2	25	100	25	100ng	0	500	5
D07	D	7	350	10	100	28	CACACG	4	25	100	25	100ng	0	500	2.5
D08	D	8	350	10	100	22	ATCGAT	0	0	10	25	10ng	25	500	no_RT_PRIMERS
D09	D	9	350	10	100	23	ATCGCA	0.125	25	10	25	10ng	0	500	80
D10	D	10	350	10	100	24	ATCGTG	0.25	25	10	25	10ng	0	500	40
D11	D	11	350	10	100	25	ATCTAC	0.5	25	10	25	10ng	0	500	20
D12	D	12	350	10	100	26	ATCTCT	1	25	10	25	10ng	0	500	10
D13	D	13	350	10	100	27	ATCTGA	2	25	10	25	10ng	0	500	5
D14	D	14	350	10	100	28	CACACG	4	25	10	25	10ng	0	500	2.5
D15	D	15	350	10	100	22	ATCGAT	0	0	1	25	1ng	25	500	no_RT_PRIMERS
D16	D	16	350	10	100	23	ATCGCA	0.125	25	1	25	1ng	0	500	80
D17	D	17	350	10	100	24	ATCGTG	0.25	25	1	25	1ng	0	500	40
D18	D	18	350	10	100	25	ATCTAC	0.5	25	1	25	1ng	0	500	20
D19	D	19	350	10	100	26	ATCTCT	1	25	1	25	1ng	0	500	10
D20	D	20	350	10	100	27	ATCTGA	2	25	1	25	1ng	0	500	5
D21	D	21	350	10	100	28	CACACG	4	25	1	25	1ng	0	500	2.5
D22	D	22	NA	NA	NA	NA	NA	NA	NA	NA	NA	NA	NA	NA	NA
D23	D	23	NA	NA	NA	NA	NA	NA	NA	NA	NA	NA	NA	NA	NA
D24	D	24	NA	NA	NA	NA	NA	NA	NA	NA	NA	NA	NA	NA	NA
E01	E	1	350	5	50	29	CACAGC	0	0	100	25	100ng	75	500	no_RT_PRIMERS
E02	E	2	350	5	50	30	CACATA	0.125	25	100	25	100ng	50	500	40
E03	E	3	350	5	50	31	CACGAT	0.25	25	100	25	100ng	50	500	20
E04	E	4	350	5	50	32	CACGCA	0.5	25	100	25	100ng	50	500	10
E05	E	5	350	5	50	33	CACGTG	1	25	100	25	100ng	50	500	5
E06	E	6	350	5	50	34	CACTAC	2	25	100	25	100ng	50	500	2.5
E07	E	7	350	5	50	35	CACTCT	4	25	100	25	100ng	50	500	1.25
E08	E	8	350	5	50	29	CACAGC	0	0	10	25	10ng	75	500	no_RT_PRIMERS
E09	E	9	350	5	50	30	CACATA	0.125	25	10	25	10ng	50	500	40
E10	E	10	350	5	50	31	CACGAT	0.25	25	10	25	10ng	50	500	20
E11	E	11	350	5	50	32	CACGCA	0.5	25	10	25	10ng	50	500	10
E12	E	12	350	5	50	33	CACGTG	1	25	10	25	10ng	50	500	5
E13	E	13	350	5	50	34	CACTAC	2	25	10	25	10ng	50	500	2.5
E14	E	14	350	5	50	35	CACTCT	4	25	10	25	10ng	50	500	1.25
E15	E	15	350	5	50	29	CACAGC	0	0	1	25	1ng	75	500	no_RT_PRIMERS
E16	E	16	350	5	50	30	CACATA	0.125	25	1	25	1ng	50	500	40
E17	E	17	350	5	50	31	CACGAT	0.25	25	1	25	1ng	50	500	20
E18	E	18	350	5	50	32	CACGCA	0.5	25	1	25	1ng	50	500	10
E19	E	19	350	5	50	33	CACGTG	1	25	1	25	1ng	50	500	5
E20	E	20	350	5	50	34	CACTAC	2	25	1	25	1ng	50	500	2.5
E21	E	21	350	5	50	35	CACTCT	4	25	1	25	1ng	50	500	1.25
E22	E	22	NA	NA	NA	NA	NA	NA	NA	NA	NA	NA	NA	NA	NA
E23	E	23	NA	NA	NA	NA	NA	NA	NA	NA	NA	NA	NA	NA	NA
E24	E	24	NA	NA	NA	NA	NA	NA	NA	NA	NA	NA	NA	NA	NA
F01	F	1	350	2.5	25	36	CACTGA	0	0	100	25	100ng	100	500	no_RT_PRIMERS
F02	F	2	350	2.5	25	37	CGACAG	0.125	25	100	25	100ng	75	500	20
F03	F	3	350	2.5	25	38	CGACGT	0.25	25	100	25	100ng	75	500	10
F04	F	4	350	2.5	25	39	CGACTC	0.5	25	100	25	100ng	75	500	5
F05	F	5	350	2.5	25	40	CGAGAT	1	25	100	25	100ng	75	500	2.5
F06	F	6	350	2.5	25	41	CGAGCA	2	25	100	25	100ng	75	500	1.25
F07	F	7	350	2.5	25	42	CGAGTG	4	25	100	25	100ng	75	500	0.625
F08	F	8	350	2.5	25	36	CACTGA	0	0	10	25	10ng	100	500	no_RT_PRIMERS
F09	F	9	350	2.5	25	37	CGACAG	0.125	25	10	25	10ng	75	500	20
F10	F	10	350	2.5	25	38	CGACGT	0.25	25	10	25	10ng	75	500	10
F11	F	11	350	2.5	25	39	CGACTC	0.5	25	10	25	10ng	75	500	5
F12	F	12	350	2.5	25	40	CGAGAT	1	25	10	25	10ng	75	500	2.5
F13	F	13	350	2.5	25	41	CGAGCA	2	25	10	25	10ng	75	500	1.25
F14	F	14	350	2.5	25	42	CGAGTG	4	25	10	25	10ng	75	500	0.625
F15	F	15	350	2.5	25	36	CACTGA	0	0	1	25	1ng	100	500	no_RT_PRIMERS
F16	F	16	350	2.5	25	37	CGACAG	0.125	25	1	25	1ng	75	500	20
F17	F	17	350	2.5	25	38	CGACGT	0.25	25	1	25	1ng	75	500	10
F18	F	18	350	2.5	25	39	CGACTC	0.5	25	1	25	1ng	75	500	5
F19	F	19	350	2.5	25	40	CGAGAT	1	25	1	25	1ng	75	500	2.5
F20	F	20	350	2.5	25	41	CGAGCA	2	25	1	25	1ng	75	500	1.25
F21	F	21	350	2.5	25	42	CGAGTG	4	25	1	25	1ng	75	500	0.625
F22	F	22	NA	NA	NA	NA	NA	NA	NA	NA	NA	NA	NA	NA	NA
F23	F	23	NA	NA	NA	NA	NA	NA	NA	NA	NA	NA	NA	NA	NA
F24	F	24	NA	NA	NA	NA	NA	NA	NA	NA	NA	NA	NA	NA	NA
G01	G	1	350	1.25	100	43	CGATAC	0	0	100	25	100ng	25	500	no_RT_PRIMERS
G02	G	2	350	1.25	100	44	CGATCT	0.125	25	100	25	100ng	0	500	10
G03	G	3	350	1.25	100	45	CGATGA	0.25	25	100	25	100ng	0	500	5
G04	G	4	350	1.25	100	46	CTGACG	0.5	25	100	25	100ng	0	500	2.5
G05	G	5	350	1.25	100	47	CTGAGC	1	25	100	25	100ng	0	500	1.25
G06	G	6	350	1.25	100	48	CTGATA	2	25	100	25	100ng	0	500	0.625
G07	G	7	350	1.25	100	49	CTGCAG	4	25	100	25	100ng	0	500	0.3125
G08	G	8	350	1.25	100	43	CGATAC	0	0	10	25	10ng	25	500	no_RT_PRIMERS
G09	G	9	350	1.25	100	44	CGATCT	0.125	25	10	25	10ng	0	500	10
G10	G	10	350	1.25	100	45	CGATGA	0.25	25	10	25	10ng	0	500	5
G11	G	11	350	1.25	100	46	CTGACG	0.5	25	10	25	10ng	0	500	2.5
G12	G	12	350	1.25	100	47	CTGAGC	1	25	10	25	10ng	0	500	1.25
G13	G	13	350	1.25	100	48	CTGATA	2	25	10	25	10ng	0	500	0.625
G14	G	14	350	1.25	100	49	CTGCAG	4	25	10	25	10ng	0	500	0.3125
G15	G	15	350	1.25	100	43	CGATAC	0	0	1	25	1ng	25	500	no_RT_PRIMERS
G16	G	16	350	1.25	100	44	CGATCT	0.125	25	1	25	1ng	0	500	10
G17	G	17	350	1.25	100	45	CGATGA	0.25	25	1	25	1ng	0	500	5
G18	G	18	350	1.25	100	46	CTGACG	0.5	25	1	25	1ng	0	500	2.5
G19	G	19	350	1.25	100	47	CTGAGC	1	25	1	25	1ng	0	500	1.25
G20	G	20	350	1.25	100	48	CTGATA	2	25	1	25	1ng	0	500	0.625
G21	G	21	350	1.25	100	49	CTGCAG	4	25	1	25	1ng	0	500	0.3125
G22	G	22	NA	NA	NA	NA	NA	NA	NA	NA	NA	NA	NA	NA	NA
G23	G	23	NA	NA	NA	NA	NA	NA	NA	NA	NA	NA	NA	NA	NA
G24	G	24	NA	NA	NA	NA	NA	NA	NA	NA	NA	NA	NA	NA	NA
H01	H	1	350	0.625	50	50	CTGCGT	0	0	100	25	100ng	75	500	no_RT_PRIMERS
H02	H	2	350	0.625	50	51	CTGCTC	0.125	25	100	25	100ng	50	500	5
H03	H	3	350	0.625	50	52	CTGTAC	0.25	25	100	25	100ng	50	500	2.5
H04	H	4	350	0.625	50	53	CTGTCT	0.5	25	100	25	100ng	50	500	1.25
H05	H	5	350	0.625	50	54	CTGTGA	1	25	100	25	100ng	50	500	0.625
H06	H	6	350	0.625	50	55	GAGACG	2	25	100	25	100ng	50	500	0.3125
H07	H	7	350	0.625	50	56	GAGAGC	4	25	100	25	100ng	50	500	0.15625
H08	H	8	350	0.625	50	50	CTGCGT	0	0	10	25	10ng	75	500	no_RT_PRIMERS
H09	H	9	350	0.625	50	51	CTGCTC	0.125	25	10	25	10ng	50	500	5
H10	H	10	350	0.625	50	52	CTGTAC	0.25	25	10	25	10ng	50	500	2.5
H11	H	11	350	0.625	50	53	CTGTCT	0.5	25	10	25	10ng	50	500	1.25
H12	H	12	350	0.625	50	54	CTGTGA	1	25	10	25	10ng	50	500	0.625
H13	H	13	350	0.625	50	55	GAGACG	2	25	10	25	10ng	50	500	0.3125
H14	H	14	350	0.625	50	56	GAGAGC	4	25	10	25	10ng	50	500	0.15625
H15	H	15	350	0.625	50	50	CTGCGT	0	0	1	25	1ng	75	500	no_RT_PRIMERS
H16	H	16	350	0.625	50	51	CTGCTC	0.125	25	1	25	1ng	50	500	5
H17	H	17	350	0.625	50	52	CTGTAC	0.25	25	1	25	1ng	50	500	2.5
H18	H	18	350	0.625	50	53	CTGTCT	0.5	25	1	25	1ng	50	500	1.25
H19	H	19	350	0.625	50	54	CTGTGA	1	25	1	25	1ng	50	500	0.625
H20	H	20	350	0.625	50	55	GAGACG	2	25	1	25	1ng	50	500	0.3125
H21	H	21	350	0.625	50	56	GAGAGC	4	25	1	25	1ng	50	500	0.15625
H22	H	22	NA	NA	NA	NA	NA	NA	NA	NA	NA	NA	NA	NA	NA
H23	H	23	NA	NA	NA	NA	NA	NA	NA	NA	NA	NA	NA	NA	NA
H24	H	24	NA	NA	NA	NA	NA	NA	NA	NA	NA	NA	NA	NA	NA
I01	I	1	350	0.3125	25	57	GAGATA	0	0	100	25	100ng	100	500	no_RT_PRIMERS
I02	I	2	350	0.3125	25	58	GAGCAG	0.125	25	100	25	100ng	75	500	2.5
I03	I	3	350	0.3125	25	59	GAGCGT	0.25	25	100	25	100ng	75	500	1.25
I04	I	4	350	0.3125	25	60	GAGCTC	0.5	25	100	25	100ng	75	500	0.625
I05	I	5	350	0.3125	25	61	GAGTAC	1	25	100	25	100ng	75	500	0.3125
I06	I	6	350	0.3125	25	62	GAGTCT	2	25	100	25	100ng	75	500	0.15625
I07	I	7	350	0.3125	25	63	GAGTGA	4	25	100	25	100ng	75	500	0.078125
I08	I	8	350	0.3125	25	57	GAGATA	0	0	10	25	10ng	100	500	no_RT_PRIMERS
I09	I	9	350	0.3125	25	58	GAGCAG	0.125	25	10	25	10ng	75	500	2.5
I10	I	10	350	0.3125	25	59	GAGCGT	0.25	25	10	25	10ng	75	500	1.25
I11	I	11	350	0.3125	25	60	GAGCTC	0.5	25	10	25	10ng	75	500	0.625
I12	I	12	350	0.3125	25	61	GAGTAC	1	25	10	25	10ng	75	500	0.3125
I13	I	13	350	0.3125	25	62	GAGTCT	2	25	10	25	10ng	75	500	0.15625
I14	I	14	350	0.3125	25	63	GAGTGA	4	25	10	25	10ng	75	500	0.078125
I15	I	15	350	0.3125	25	57	GAGATA	0	0	1	25	1ng	100	500	no_RT_PRIMERS
I16	I	16	350	0.3125	25	58	GAGCAG	0.125	25	1	25	1ng	75	500	2.5
I17	I	17	350	0.3125	25	59	GAGCGT	0.25	25	1	25	1ng	75	500	1.25
I18	I	18	350	0.3125	25	60	GAGCTC	0.5	25	1	25	1ng	75	500	0.625
I19	I	19	350	0.3125	25	61	GAGTAC	1	25	1	25	1ng	75	500	0.3125
I20	I	20	350	0.3125	25	62	GAGTCT	2	25	1	25	1ng	75	500	0.15625
I21	I	21	350	0.3125	25	63	GAGTGA	4	25	1	25	1ng	75	500	0.078125
I22	I	22	NA	NA	NA	NA	NA	NA	NA	NA	NA	NA	NA	NA	NA
I23	I	23	NA	NA	NA	NA	NA	NA	NA	NA	NA	NA	NA	NA	NA
I24	I	24	NA	NA	NA	NA	NA	NA	NA	NA	NA	NA	NA	NA	NA
J01	J	1	350	10	100	64	GCTACG	0	0	0	0	100ng	50	500	no_RT_PRIMERS
J02	J	2	350	10	100	65	GCTAGC	0.125	25	0	0	100ng	25	500	80
J03	J	3	350	10	100	66	GCTATA	0.25	25	0	0	100ng	25	500	40
J04	J	4	350	10	100	67	GCTCAG	0.5	25	0	0	100ng	25	500	20
J05	J	5	350	10	100	68	GCTCGT	1	25	0	0	100ng	25	500	10
J06	J	6	350	10	100	69	GCTCTC	2	25	0	0	100ng	25	500	5
J07	J	7	350	10	100	70	GCTGAT	4	25	0	0	100ng	25	500	2.5
J08	J	8	350	10	100	64	GCTACG	0	0	0	0	10ng	50	500	no_RT_PRIMERS
J09	J	9	350	10	100	65	GCTAGC	0.125	25	0	0	10ng	25	500	80
J10	J	10	350	10	100	66	GCTATA	0.25	25	0	0	10ng	25	500	40
J11	J	11	350	10	100	67	GCTCAG	0.5	25	0	0	10ng	25	500	20
J12	J	12	350	10	100	68	GCTCGT	1	25	0	0	10ng	25	500	10
J13	J	13	350	10	100	69	GCTCTC	2	25	0	0	10ng	25	500	5
J14	J	14	350	10	100	70	GCTGAT	4	25	0	0	10ng	25	500	2.5
J15	J	15	350	10	100	64	GCTACG	0	0	0	0	1ng	50	500	no_RT_PRIMERS
J16	J	16	350	10	100	65	GCTAGC	0.125	25	0	0	1ng	25	500	80
J17	J	17	350	10	100	66	GCTATA	0.25	25	0	0	1ng	25	500	40
J18	J	18	350	10	100	67	GCTCAG	0.5	25	0	0	1ng	25	500	20
J19	J	19	350	10	100	68	GCTCGT	1	25	0	0	1ng	25	500	10
J20	J	20	350	10	100	69	GCTCTC	2	25	0	0	1ng	25	500	5
J21	J	21	350	10	100	70	GCTGAT	4	25	0	0	1ng	25	500	2.5
J22	J	22	NA	NA	NA	NA	NA	NA	NA	NA	NA	NA	NA	NA	NA
J23	J	23	NA	NA	NA	NA	NA	NA	NA	NA	NA	NA	NA	NA	NA
J24	J	24	NA	NA	NA	NA	NA	NA	NA	NA	NA	NA	NA	NA	NA
K01	K	1	350	80	100	1	ACACAG	0	0	0.1	25	100pg	25	500	no_RT_PRIMERS
K02	K	2	350	80	100	2	ACACGT	0.125	25	0.1	25	100pg	0	500	640
K03	K	3	350	80	100	3	ACACTC	0.25	25	0.1	25	100pg	0	500	320
K04	K	4	350	80	100	4	ACAGAT	0.5	25	0.1	25	100pg	0	500	160
K05	K	5	350	80	100	5	ACAGCA	1	25	0.1	25	100pg	0	500	80
K06	K	6	350	80	100	6	ACAGTG	2	25	0.1	25	100pg	0	500	40
K07	K	7	350	80	100	7	ACATAC	4	25	0.1	25	100pg	0	500	20
K08	K	8	350	10	100	22	ATCGAT	0	0	0.1	25	100pg	25	500	no_RT_PRIMERS
K09	K	9	350	10	100	23	ATCGCA	0.125	25	0.1	25	100pg	0	500	80
K10	K	10	350	10	100	24	ATCGTG	0.25	25	0.1	25	100pg	0	500	40
K11	K	11	350	10	100	25	ATCTAC	0.5	25	0.1	25	100pg	0	500	20
K12	K	12	350	10	100	26	ATCTCT	1	25	0.1	25	100pg	0	500	10
K13	K	13	350	10	100	27	ATCTGA	2	25	0.1	25	100pg	0	500	5
K14	K	14	350	10	100	28	CACACG	4	25	0.1	25	100pg	0	500	2.5
K15	K	15	350	1.25	100	43	CGATAC	0	0	0.1	25	100pg	25	500	no_RT_PRIMERS
K16	K	16	350	1.25	100	44	CGATCT	0.125	25	0.1	25	100pg	0	500	10
K17	K	17	350	1.25	100	45	CGATGA	0.25	25	0.1	25	100pg	0	500	5
K18	K	18	350	1.25	100	46	CTGACG	0.5	25	0.1	25	100pg	0	500	2.5
K19	K	19	350	1.25	100	47	CTGAGC	1	25	0.1	25	100pg	0	500	1.25
K20	K	20	350	1.25	100	48	CTGATA	2	25	0.1	25	100pg	0	500	0.625
K21	K	21	350	1.25	100	49	CTGCAG	4	25	0.1	25	100pg	0	500	0.3125
K22	K	22	350	10	100	65	GCTAGC	0.125	25	0	0	100pg	25	500	80
K23	K	23	350	10	100	66	GCTATA	0.25	25	0	0	100pg	25	500	40
K24	K	24	350	10	100	67	GCTCAG	0.5	25	0	0	100pg	25	500	20
L01	L	1	350	40	50	8	ACATCT	0	0	0.1	25	100pg	75	500	no_RT_PRIMERS
L02	L	2	350	40	50	9	ACATGA	0.125	25	0.1	25	100pg	50	500	320
L03	L	3	350	40	50	10	AGTACG	0.25	25	0.1	25	100pg	50	500	160
L04	L	4	350	40	50	11	AGTAGC	0.5	25	0.1	25	100pg	50	500	80
L05	L	5	350	40	50	12	AGTATA	1	25	0.1	25	100pg	50	500	40
L06	L	6	350	40	50	13	AGTCAG	2	25	0.1	25	100pg	50	500	20
L07	L	7	350	40	50	14	AGTCGT	4	25	0.1	25	100pg	50	500	10
L08	L	8	350	5	50	29	CACAGC	0	0	0.1	25	100pg	75	500	no_RT_PRIMERS
L09	L	9	350	5	50	30	CACATA	0.125	25	0.1	25	100pg	50	500	40
L10	L	10	350	5	50	31	CACGAT	0.25	25	0.1	25	100pg	50	500	20
L11	L	11	350	5	50	32	CACGCA	0.5	25	0.1	25	100pg	50	500	10
L12	L	12	350	5	50	33	CACGTG	1	25	0.1	25	100pg	50	500	5
L13	L	13	350	5	50	34	CACTAC	2	25	0.1	25	100pg	50	500	2.5
L14	L	14	350	5	50	35	CACTCT	4	25	0.1	25	100pg	50	500	1.25
L15	L	15	350	0.625	50	50	CTGCGT	0	0	0.1	25	100pg	75	500	no_RT_PRIMERS
L16	L	16	350	0.625	50	51	CTGCTC	0.125	25	0.1	25	100pg	50	500	5
L17	L	17	350	0.625	50	52	CTGTAC	0.25	25	0.1	25	100pg	50	500	2.5
L18	L	18	350	0.625	50	53	CTGTCT	0.5	25	0.1	25	100pg	50	500	1.25
L19	L	19	350	0.625	50	54	CTGTGA	1	25	0.1	25	100pg	50	500	0.625
L20	L	20	350	0.625	50	55	GAGACG	2	25	0.1	25	100pg	50	500	0.3125
L21	L	21	350	0.625	50	56	GAGAGC	4	25	0.1	25	100pg	50	500	0.15625
L22	L	22	350	10	100	68	GCTCGT	1	25	0	0	100pg	25	500	10
L23	L	23	350	10	100	69	GCTCTC	2	25	0	0	100pg	25	500	5
L24	L	24	350	10	100	70	GCTGAT	4	25	0	0	100pg	25	500	2.5
M01	M	1	350	20	25	15	AGTCTC	0	0	0.1	25	100pg	100	500	no_RT_PRIMERS
M02	M	2	350	20	25	16	AGTGAT	0.125	25	0.1	25	100pg	75	500	160
M03	M	3	350	20	25	17	AGTGCA	0.25	25	0.1	25	100pg	75	500	80
M04	M	4	350	20	25	18	AGTGTG	0.5	25	0.1	25	100pg	75	500	40
M05	M	5	350	20	25	19	ATCACG	1	25	0.1	25	100pg	75	500	20
M06	M	6	350	20	25	20	ATCAGC	2	25	0.1	25	100pg	75	500	10
M07	M	7	350	20	25	21	ATCATA	4	25	0.1	25	100pg	75	500	5
M08	M	8	350	2.5	25	36	CACTGA	0	0	0.1	25	100pg	100	500	no_RT_PRIMERS
M09	M	9	350	2.5	25	37	CGACAG	0.125	25	0.1	25	100pg	75	500	20
M10	M	10	350	2.5	25	38	CGACGT	0.25	25	0.1	25	100pg	75	500	10
M11	M	11	350	2.5	25	39	CGACTC	0.5	25	0.1	25	100pg	75	500	5
M12	M	12	350	2.5	25	40	CGAGAT	1	25	0.1	25	100pg	75	500	2.5
M13	M	13	350	2.5	25	41	CGAGCA	2	25	0.1	25	100pg	75	500	1.25
M14	M	14	350	2.5	25	42	CGAGTG	4	25	0.1	25	100pg	75	500	0.625
M15	M	15	350	0.3125	25	57	GAGATA	0	0	0.1	25	100pg	100	500	no_RT_PRIMERS
M16	M	16	350	0.3125	25	58	GAGCAG	0.125	25	0.1	25	100pg	75	500	2.5
M17	M	17	350	0.3125	25	59	GAGCGT	0.25	25	0.1	25	100pg	75	500	1.25
M18	M	18	350	0.3125	25	60	GAGCTC	0.5	25	0.1	25	100pg	75	500	0.625
M19	M	19	350	0.3125	25	61	GAGTAC	1	25	0.1	25	100pg	75	500	0.3125
M20	M	20	350	0.3125	25	62	GAGTCT	2	25	0.1	25	100pg	75	500	0.15625
M21	M	21	350	0.3125	25	63	GAGTGA	4	25	0.1	25	100pg	75	500	0.078125
M22	M	22	NA	NA	NA	NA	NA	NA	NA	NA	NA	NA	NA	NA	NA
M23	M	23	350	10	100	64	GCTACG	0	0	0	0	100pg	50	500	no_RT_PRIMERS
M24	M	24	NA	NA	NA	NA	NA	NA	NA	NA	NA	NA	NA	NA	NA
N01	N	1	350	80	100	1	ACACAG	0	0	0.01	25	10pg	25	500	no_RT_PRIMERS
N02	N	2	350	80	100	2	ACACGT	0.125	25	0.01	25	10pg	0	500	640
N03	N	3	350	80	100	3	ACACTC	0.25	25	0.01	25	10pg	0	500	320
N04	N	4	350	80	100	4	ACAGAT	0.5	25	0.01	25	10pg	0	500	160
N05	N	5	350	80	100	5	ACAGCA	1	25	0.01	25	10pg	0	500	80
N06	N	6	350	80	100	6	ACAGTG	2	25	0.01	25	10pg	0	500	40
N07	N	7	350	80	100	7	ACATAC	4	25	0.01	25	10pg	0	500	20
N08	N	8	350	10	100	22	ATCGAT	0	0	0.01	25	10pg	25	500	no_RT_PRIMERS
N09	N	9	350	10	100	23	ATCGCA	0.125	25	0.01	25	10pg	0	500	80
N10	N	10	350	10	100	24	ATCGTG	0.25	25	0.01	25	10pg	0	500	40
N11	N	11	350	10	100	25	ATCTAC	0.5	25	0.01	25	10pg	0	500	20
N12	N	12	350	10	100	26	ATCTCT	1	25	0.01	25	10pg	0	500	10
N13	N	13	350	10	100	27	ATCTGA	2	25	0.01	25	10pg	0	500	5
N14	N	14	350	10	100	28	CACACG	4	25	0.01	25	10pg	0	500	2.5
N15	N	15	350	1.25	100	43	CGATAC	0	0	0.01	25	10pg	25	500	no_RT_PRIMERS
N16	N	16	350	1.25	100	44	CGATCT	0.125	25	0.01	25	10pg	0	500	10
N17	N	17	350	1.25	100	45	CGATGA	0.25	25	0.01	25	10pg	0	500	5
N18	N	18	350	1.25	100	46	CTGACG	0.5	25	0.01	25	10pg	0	500	2.5
N19	N	19	350	1.25	100	47	CTGAGC	1	25	0.01	25	10pg	0	500	1.25
N20	N	20	350	1.25	100	48	CTGATA	2	25	0.01	25	10pg	0	500	0.625
N21	N	21	350	1.25	100	49	CTGCAG	4	25	0.01	25	10pg	0	500	0.3125
N22	N	22	350	10	100	65	GCTAGC	0.125	25	0	0	10pg	25	500	80
N23	N	23	350	10	100	66	GCTATA	0.25	25	0	0	10pg	25	500	40
N24	N	24	350	10	100	67	GCTCAG	0.5	25	0	0	10pg	25	500	20
O01	O	1	350	40	50	8	ACATCT	0	0	0.01	25	10pg	75	500	no_RT_PRIMERS
O02	O	2	350	40	50	9	ACATGA	0.125	25	0.01	25	10pg	50	500	320
O03	O	3	350	40	50	10	AGTACG	0.25	25	0.01	25	10pg	50	500	160
O04	O	4	350	40	50	11	AGTAGC	0.5	25	0.01	25	10pg	50	500	80
O05	O	5	350	40	50	12	AGTATA	1	25	0.01	25	10pg	50	500	40
O06	O	6	350	40	50	13	AGTCAG	2	25	0.01	25	10pg	50	500	20
O07	O	7	350	40	50	14	AGTCGT	4	25	0.01	25	10pg	50	500	10
O08	O	8	350	5	50	29	CACAGC	0	0	0.01	25	10pg	75	500	no_RT_PRIMERS
O09	O	9	350	5	50	30	CACATA	0.125	25	0.01	25	10pg	50	500	40
O10	O	10	350	5	50	31	CACGAT	0.25	25	0.01	25	10pg	50	500	20
O11	O	11	350	5	50	32	CACGCA	0.5	25	0.01	25	10pg	50	500	10
O12	O	12	350	5	50	33	CACGTG	1	25	0.01	25	10pg	50	500	5
O13	O	13	350	5	50	34	CACTAC	2	25	0.01	25	10pg	50	500	2.5
O14	O	14	350	5	50	35	CACTCT	4	25	0.01	25	10pg	50	500	1.25
O15	O	15	350	0.625	50	50	CTGCGT	0	0	0.01	25	10pg	75	500	no_RT_PRIMERS
O16	O	16	350	0.625	50	51	CTGCTC	0.125	25	0.01	25	10pg	50	500	5
O17	O	17	350	0.625	50	52	CTGTAC	0.25	25	0.01	25	10pg	50	500	2.5
O18	O	18	350	0.625	50	53	CTGTCT	0.5	25	0.01	25	10pg	50	500	1.25
O19	O	19	350	0.625	50	54	CTGTGA	1	25	0.01	25	10pg	50	500	0.625
O20	O	20	350	0.625	50	55	GAGACG	2	25	0.01	25	10pg	50	500	0.3125
O21	O	21	350	0.625	50	56	GAGAGC	4	25	0.01	25	10pg	50	500	0.15625
O22	O	22	350	10	100	68	GCTCGT	1	25	0	0	10pg	25	500	10
O23	O	23	350	10	100	69	GCTCTC	2	25	0	0	10pg	25	500	5
O24	O	24	350	10	100	70	GCTGAT	4	25	0	0	10pg	25	500	2.5
P01	P	1	350	20	25	15	AGTCTC	0	0	0.01	25	10pg	100	500	no_RT_PRIMERS
P02	P	2	350	20	25	16	AGTGAT	0.125	25	0.01	25	10pg	75	500	160
P03	P	3	350	20	25	17	AGTGCA	0.25	25	0.01	25	10pg	75	500	80
P04	P	4	350	20	25	18	AGTGTG	0.5	25	0.01	25	10pg	75	500	40
P05	P	5	350	20	25	19	ATCACG	1	25	0.01	25	10pg	75	500	20
P06	P	6	350	20	25	20	ATCAGC	2	25	0.01	25	10pg	75	500	10
P07	P	7	350	20	25	21	ATCATA	4	25	0.01	25	10pg	75	500	5
P08	P	8	350	2.5	25	36	CACTGA	0	0	0.01	25	10pg	100	500	no_RT_PRIMERS
P09	P	9	350	2.5	25	37	CGACAG	0.125	25	0.01	25	10pg	75	500	20
P10	P	10	350	2.5	25	38	CGACGT	0.25	25	0.01	25	10pg	75	500	10
P11	P	11	350	2.5	25	39	CGACTC	0.5	25	0.01	25	10pg	75	500	5
P12	P	12	350	2.5	25	40	CGAGAT	1	25	0.01	25	10pg	75	500	2.5
P13	P	13	350	2.5	25	41	CGAGCA	2	25	0.01	25	10pg	75	500	1.25
P14	P	14	350	2.5	25	42	CGAGTG	4	25	0.01	25	10pg	75	500	0.625
P15	P	15	350	0.3125	25	57	GAGATA	0	0	0.01	25	10pg	100	500	no_RT_PRIMERS
P16	P	16	350	0.3125	25	58	GAGCAG	0.125	25	0.01	25	10pg	75	500	2.5
P17	P	17	350	0.3125	25	59	GAGCGT	0.25	25	0.01	25	10pg	75	500	1.25
P18	P	18	350	0.3125	25	60	GAGCTC	0.5	25	0.01	25	10pg	75	500	0.625
P19	P	19	350	0.3125	25	61	GAGTAC	1	25	0.01	25	10pg	75	500	0.3125
P20	P	20	350	0.3125	25	62	GAGTCT	2	25	0.01	25	10pg	75	500	0.15625
P21	P	21	350	0.3125	25	63	GAGTGA	4	25	0.01	25	10pg	75	500	0.078125
P22	P	22	NA	NA	NA	NA	NA	NA	NA	NA	NA	NA	NA	NA	NA
P23	P	23	350	10	100	64	GCTACG	0	0	0	0	10pg	50	500	no_RT_PRIMERS
P24	P	24	NA	NA	NA	NA	NA	NA	NA	NA	NA	NA	NA	NA	NA
