well	row	col	MASTER_MIX_vol	TSO	TSO_vol	BARCODE_ID_norandom	INDEX	BARCODE_ID	BARCODE_SEQ	H2O_vol	RT_PRIMERS	RT_PRIMERS_vol	RNA	RNA_vol	RNA_group	total_volume	PRIMERS_RATIO
A01	A	1	350	100	100	1	indexE	18	AGTGTG	0	4	25	1	25	1ng	500	25
A02	A	2	350	100	100	2	indexE	67	GCTCAG	0	4	25	1	25	1ng	500	25
A03	A	3	350	100	100	3	indexE	54	CTGTGA	0	4	25	1	25	1ng	500	25
A04	A	4	350	100	100	4	indexE	16	AGTGAT	0	4	25	1	25	1ng	500	25
A05	A	5	350	100	0	5	indexE	87	TATCTC	100	4	25	1	25	1ng	500	25
A06	A	6	350	100	100	6	indexE	86	TATCGT	0	4	25	1	25	1ng	500	25
A07	A	7	350	100	100	7	indexE	12	AGTATA	0	4	25	1	25	1ng	500	25
A08	A	8	350	100	100	8	indexE	75	GTACTC	0	4	25	1	25	1ng	500	25
A09	A	9	350	100	100	9	indexE	42	CGAGTG	0	4	25	1	25	1ng	500	25
A10	A	10	350	100	100	10	indexE	48	CTGATA	0	4	25	1	25	1ng	500	25
A11	A	11	350	100	100	11	indexE	92	TCGAGC	0	4	25	1	25	1ng	500	25
A12	A	12	350	100	100	12	indexE	21	ATCATA	0	4	25	1	25	1ng	500	25
A13	A	13	350	100	100	1	indexF	41	CGAGCA	0	4	25	1	25	1ng	500	25
A14	A	14	350	100	100	2	indexF	9	ACATGA	0	4	25	1	25	1ng	500	25
A15	A	15	350	100	100	3	indexF	11	AGTAGC	0	4	25	1	25	1ng	500	25
A16	A	16	350	100	100	4	indexF	96	TCGCTC	0	4	25	1	25	1ng	500	25
A17	A	17	350	100	100	5	indexF	19	ATCACG	0	4	25	1	25	1ng	500	25
A18	A	18	350	100	100	6	indexF	39	CGACTC	0	4	25	1	25	1ng	500	25
A19	A	19	350	100	100	7	indexF	89	TATGCA	0	4	25	1	25	1ng	500	25
A20	A	20	350	100	100	8	indexF	74	GTACGT	0	4	25	1	25	1ng	500	25
A21	A	21	350	100	100	9	indexF	26	ATCTCT	0	4	25	1	25	1ng	500	25
A22	A	22	350	100	0	10	indexF	52	CTGTAC	100	4	25	1	25	1ng	500	25
A23	A	23	350	100	100	11	indexF	78	GTAGTG	0	4	25	1	25	1ng	500	25
A24	A	24	350	100	100	12	indexF	91	TCGACG	0	4	25	1	25	1ng	500	25
B01	B	1	350	100	100	1	indexG	94	TCGCAG	0	4	25	1	25	1ng	500	25
B02	B	2	350	100	100	2	indexG	16	AGTGAT	0	4	25	1	25	1ng	500	25
B03	B	3	350	100	100	3	indexG	48	CTGATA	0	4	25	1	25	1ng	500	25
B04	B	4	350	100	100	4	indexG	19	ATCACG	0	4	25	1	25	1ng	500	25
B05	B	5	350	100	100	5	indexG	93	TCGATA	0	4	25	1	25	1ng	500	25
B06	B	6	350	100	100	6	indexG	17	AGTGCA	0	4	25	1	25	1ng	500	25
B07	B	7	350	100	100	7	indexG	25	ATCTAC	0	4	25	1	25	1ng	500	25
B08	B	8	350	100	0	8	indexG	12	AGTATA	100	4	25	1	25	1ng	500	25
B09	B	9	350	100	100	9	indexG	76	GTAGAT	0	4	25	1	25	1ng	500	25
B10	B	10	350	100	100	10	indexG	57	GAGATA	0	4	25	1	25	1ng	500	25
B11	B	11	350	100	100	11	indexG	52	CTGTAC	0	4	25	1	25	1ng	500	25
B12	B	12	350	100	100	12	indexG	83	TATAGC	0	4	25	1	25	1ng	500	25
B13	B	13	350	100	100	1	indexH	75	GTACTC	0	4	25	1	25	1ng	500	25
B14	B	14	350	100	100	2	indexH	34	CACTAC	0	4	25	1	25	1ng	500	25
B15	B	15	350	100	100	3	indexH	25	ATCTAC	0	4	25	1	25	1ng	500	25
B16	B	16	350	100	100	4	indexH	30	CACATA	0	4	25	1	25	1ng	500	25
B17	B	17	350	100	100	5	indexH	69	GCTCTC	0	4	25	1	25	1ng	500	25
B18	B	18	350	100	100	6	indexH	46	CTGACG	0	4	25	1	25	1ng	500	25
B19	B	19	350	100	100	7	indexH	64	GCTACG	0	4	25	1	25	1ng	500	25
B20	B	20	350	100	100	8	indexH	37	CGACAG	0	4	25	1	25	1ng	500	25
B21	B	21	350	100	100	9	indexH	19	ATCACG	0	4	25	1	25	1ng	500	25
B22	B	22	350	100	100	10	indexH	8	ACATCT	0	4	25	1	25	1ng	500	25
B23	B	23	350	100	100	11	indexH	14	AGTCGT	0	4	25	1	25	1ng	500	25
B24	B	24	350	100	100	12	indexH	43	CGATAC	0	4	25	1	25	1ng	500	25
C01	C	1	350	100	0	13	indexE	64	GCTACG	100	4	25	1	25	1ng	500	25
C02	C	2	350	100	100	14	indexE	93	TCGATA	0	4	25	1	25	1ng	500	25
C03	C	3	350	100	100	15	indexE	34	CACTAC	0	4	25	1	25	1ng	500	25
C04	C	4	350	100	100	16	indexE	70	GCTGAT	0	4	25	1	25	1ng	500	25
C05	C	5	350	100	0	17	indexE	79	GTATAC	100	4	25	1	25	1ng	500	25
C06	C	6	350	100	100	18	indexE	96	TCGCTC	0	4	25	1	25	1ng	500	25
C07	C	7	350	100	100	19	indexE	35	CACTCT	0	4	25	1	25	1ng	500	25
C08	C	8	350	100	100	20	indexE	6	ACAGTG	0	4	25	1	25	1ng	500	25
C09	C	9	350	100	100	21	indexE	51	CTGCTC	0	4	25	1	25	1ng	500	25
C10	C	10	350	100	100	22	indexE	30	CACATA	0	4	25	1	25	1ng	500	25
C11	C	11	350	100	100	23	indexE	62	GAGTCT	0	4	25	1	25	1ng	500	25
C12	C	12	350	100	100	24	indexE	11	AGTAGC	0	4	25	1	25	1ng	500	25
C13	C	13	350	100	100	13	indexF	13	AGTCAG	0	4	25	1	25	1ng	500	25
C14	C	14	350	100	0	14	indexF	94	TCGCAG	100	4	25	1	25	1ng	500	25
C15	C	15	350	100	0	15	indexF	3	ACACTC	100	4	25	1	25	1ng	500	25
C16	C	16	350	100	100	16	indexF	60	GAGCTC	0	4	25	1	25	1ng	500	25
C17	C	17	350	100	100	17	indexF	30	CACATA	0	4	25	1	25	1ng	500	25
C18	C	18	350	100	100	18	indexF	46	CTGACG	0	4	25	1	25	1ng	500	25
C19	C	19	350	100	100	19	indexF	65	GCTAGC	0	4	25	1	25	1ng	500	25
C20	C	20	350	100	100	20	indexF	63	GAGTGA	0	4	25	1	25	1ng	500	25
C21	C	21	350	100	100	21	indexF	67	GCTCAG	0	4	25	1	25	1ng	500	25
C22	C	22	350	100	100	22	indexF	95	TCGCGT	0	4	25	1	25	1ng	500	25
C23	C	23	350	100	100	23	indexF	71	GCTGCA	0	4	25	1	25	1ng	500	25
C24	C	24	350	100	100	24	indexF	42	CGAGTG	0	4	25	1	25	1ng	500	25
D01	D	1	350	100	100	13	indexG	32	CACGCA	0	4	25	1	25	1ng	500	25
D02	D	2	350	100	100	14	indexG	68	GCTCGT	0	4	25	1	25	1ng	500	25
D03	D	3	350	100	0	15	indexG	92	TCGAGC	100	4	25	1	25	1ng	500	25
D04	D	4	350	100	100	16	indexG	91	TCGACG	0	4	25	1	25	1ng	500	25
D05	D	5	350	100	100	17	indexG	95	TCGCGT	0	4	25	1	25	1ng	500	25
D06	D	6	350	100	100	18	indexG	20	ATCAGC	0	4	25	1	25	1ng	500	25
D07	D	7	350	100	0	19	indexG	77	GTAGCA	100	4	25	1	25	1ng	500	25
D08	D	8	350	100	100	20	indexG	41	CGAGCA	0	4	25	1	25	1ng	500	25
D09	D	9	350	100	100	21	indexG	63	GAGTGA	0	4	25	1	25	1ng	500	25
D10	D	10	350	100	100	22	indexG	51	CTGCTC	0	4	25	1	25	1ng	500	25
D11	D	11	350	100	100	23	indexG	73	GTACAG	0	4	25	1	25	1ng	500	25
D12	D	12	350	100	100	24	indexG	5	ACAGCA	0	4	25	1	25	1ng	500	25
D13	D	13	350	100	100	13	indexH	71	GCTGCA	0	4	25	1	25	1ng	500	25
D14	D	14	350	100	100	14	indexH	41	CGAGCA	0	4	25	1	25	1ng	500	25
D15	D	15	350	100	100	15	indexH	36	CACTGA	0	4	25	1	25	1ng	500	25
D16	D	16	350	100	0	16	indexH	72	GCTGTG	100	4	25	1	25	1ng	500	25
D17	D	17	350	100	100	17	indexH	62	GAGTCT	0	4	25	1	25	1ng	500	25
D18	D	18	350	100	100	18	indexH	5	ACAGCA	0	4	25	1	25	1ng	500	25
D19	D	19	350	100	100	19	indexH	16	AGTGAT	0	4	25	1	25	1ng	500	25
D20	D	20	350	100	100	20	indexH	53	CTGTCT	0	4	25	1	25	1ng	500	25
D21	D	21	350	100	100	21	indexH	92	TCGAGC	0	4	25	1	25	1ng	500	25
D22	D	22	350	100	100	22	indexH	4	ACAGAT	0	4	25	1	25	1ng	500	25
D23	D	23	350	100	100	23	indexH	7	ACATAC	0	4	25	1	25	1ng	500	25
D24	D	24	350	100	100	24	indexH	33	CACGTG	0	4	25	1	25	1ng	500	25
E01	E	1	350	100	100	25	indexE	26	ATCTCT	0	4	25	1	25	1ng	500	25
E02	E	2	350	100	100	26	indexE	78	GTAGTG	0	4	25	1	25	1ng	500	25
E03	E	3	350	100	100	27	indexE	73	GTACAG	0	4	25	1	25	1ng	500	25
E04	E	4	350	100	100	28	indexE	25	ATCTAC	0	4	25	1	25	1ng	500	25
E05	E	5	350	100	100	29	indexE	66	GCTATA	0	4	25	1	25	1ng	500	25
E06	E	6	350	100	100	30	indexE	9	ACATGA	0	4	25	1	25	1ng	500	25
E07	E	7	350	100	100	31	indexE	1	ACACAG	0	4	25	1	25	1ng	500	25
E08	E	8	350	100	100	32	indexE	81	GTATGA	0	4	25	1	25	1ng	500	25
E09	E	9	350	100	100	33	indexE	52	CTGTAC	0	4	25	1	25	1ng	500	25
E10	E	10	350	100	100	34	indexE	55	GAGACG	0	4	25	1	25	1ng	500	25
E11	E	11	350	100	100	35	indexE	32	CACGCA	0	4	25	1	25	1ng	500	25
E12	E	12	350	100	100	36	indexE	39	CGACTC	0	4	25	1	25	1ng	500	25
E13	E	13	350	100	100	25	indexF	82	TATACG	0	4	25	1	25	1ng	500	25
E14	E	14	350	100	0	26	indexF	18	AGTGTG	100	4	25	1	25	1ng	500	25
E15	E	15	350	100	100	27	indexF	69	GCTCTC	0	4	25	1	25	1ng	500	25
E16	E	16	350	100	0	28	indexF	62	GAGTCT	100	4	25	1	25	1ng	500	25
E17	E	17	350	100	100	29	indexF	17	AGTGCA	0	4	25	1	25	1ng	500	25
E18	E	18	350	100	100	30	indexF	51	CTGCTC	0	4	25	1	25	1ng	500	25
E19	E	19	350	100	100	31	indexF	38	CGACGT	0	4	25	1	25	1ng	500	25
E20	E	20	350	100	100	32	indexF	20	ATCAGC	0	4	25	1	25	1ng	500	25
E21	E	21	350	100	100	33	indexF	45	CGATGA	0	4	25	1	25	1ng	500	25
E22	E	22	350	100	100	34	indexF	22	ATCGAT	0	4	25	1	25	1ng	500	25
E23	E	23	350	100	100	35	indexF	84	TATATA	0	4	25	1	25	1ng	500	25
E24	E	24	350	100	100	36	indexF	57	GAGATA	0	4	25	1	25	1ng	500	25
F01	F	1	350	100	100	25	indexG	90	TATGTG	0	4	25	1	25	1ng	500	25
F02	F	2	350	100	100	26	indexG	1	ACACAG	0	4	25	1	25	1ng	500	25
F03	F	3	350	100	100	27	indexG	26	ATCTCT	0	4	25	1	25	1ng	500	25
F04	F	4	350	100	100	28	indexG	15	AGTCTC	0	4	25	1	25	1ng	500	25
F05	F	5	350	100	100	29	indexG	11	AGTAGC	0	4	25	1	25	1ng	500	25
F06	F	6	350	100	100	30	indexG	88	TATGAT	0	4	25	1	25	1ng	500	25
F07	F	7	350	100	100	31	indexG	27	ATCTGA	0	4	25	1	25	1ng	500	25
F08	F	8	350	100	100	32	indexG	84	TATATA	0	4	25	1	25	1ng	500	25
F09	F	9	350	100	100	33	indexG	44	CGATCT	0	4	25	1	25	1ng	500	25
F10	F	10	350	100	100	34	indexG	54	CTGTGA	0	4	25	1	25	1ng	500	25
F11	F	11	350	100	100	35	indexG	87	TATCTC	0	4	25	1	25	1ng	500	25
F12	F	12	350	100	100	36	indexG	30	CACATA	0	4	25	1	25	1ng	500	25
F13	F	13	350	100	100	25	indexH	57	GAGATA	0	4	25	1	25	1ng	500	25
F14	F	14	350	100	100	26	indexH	10	AGTACG	0	4	25	1	25	1ng	500	25
F15	F	15	350	100	100	27	indexH	48	CTGATA	0	4	25	1	25	1ng	500	25
F16	F	16	350	100	100	28	indexH	96	TCGCTC	0	4	25	1	25	1ng	500	25
F17	F	17	350	100	100	29	indexH	42	CGAGTG	0	4	25	1	25	1ng	500	25
F18	F	18	350	100	0	30	indexH	31	CACGAT	100	4	25	1	25	1ng	500	25
F19	F	19	350	100	100	31	indexH	50	CTGCGT	0	4	25	1	25	1ng	500	25
F20	F	20	350	100	100	32	indexH	12	AGTATA	0	4	25	1	25	1ng	500	25
F21	F	21	350	100	100	33	indexH	68	GCTCGT	0	4	25	1	25	1ng	500	25
F22	F	22	350	100	100	34	indexH	11	AGTAGC	0	4	25	1	25	1ng	500	25
F23	F	23	350	100	100	35	indexH	17	AGTGCA	0	4	25	1	25	1ng	500	25
F24	F	24	350	100	100	36	indexH	6	ACAGTG	0	4	25	1	25	1ng	500	25
G01	G	1	350	100	100	37	indexE	76	GTAGAT	0	4	25	1	25	1ng	500	25
G02	G	2	350	100	100	38	indexE	17	AGTGCA	0	4	25	1	25	1ng	500	25
G03	G	3	350	100	100	39	indexE	61	GAGTAC	0	4	25	1	25	1ng	500	25
G04	G	4	350	100	100	40	indexE	95	TCGCGT	0	4	25	1	25	1ng	500	25
G05	G	5	350	100	100	41	indexE	63	GAGTGA	0	4	25	1	25	1ng	500	25
G06	G	6	350	100	100	42	indexE	59	GAGCGT	0	4	25	1	25	1ng	500	25
G07	G	7	350	100	100	43	indexE	7	ACATAC	0	4	25	1	25	1ng	500	25
G08	G	8	350	100	100	44	indexE	57	GAGATA	0	4	25	1	25	1ng	500	25
G09	G	9	350	100	100	45	indexE	50	CTGCGT	0	4	25	1	25	1ng	500	25
G10	G	10	350	100	100	46	indexE	41	CGAGCA	0	4	25	1	25	1ng	500	25
G11	G	11	350	100	100	47	indexE	49	CTGCAG	0	4	25	1	25	1ng	500	25
G12	G	12	350	100	0	48	indexE	80	GTATCT	100	4	25	1	25	1ng	500	25
G13	G	13	350	100	0	37	indexF	2	ACACGT	100	4	25	1	25	1ng	500	25
G14	G	14	350	100	100	38	indexF	61	GAGTAC	0	4	25	1	25	1ng	500	25
G15	G	15	350	100	100	39	indexF	92	TCGAGC	0	4	25	1	25	1ng	500	25
G16	G	16	350	100	100	40	indexF	66	GCTATA	0	4	25	1	25	1ng	500	25
G17	G	17	350	100	100	41	indexF	80	GTATCT	0	4	25	1	25	1ng	500	25
G18	G	18	350	100	100	42	indexF	64	GCTACG	0	4	25	1	25	1ng	500	25
G19	G	19	350	100	100	43	indexF	83	TATAGC	0	4	25	1	25	1ng	500	25
G20	G	20	350	100	100	44	indexF	77	GTAGCA	0	4	25	1	25	1ng	500	25
G21	G	21	350	100	100	45	indexF	10	AGTACG	0	4	25	1	25	1ng	500	25
G22	G	22	350	100	100	46	indexF	15	AGTCTC	0	4	25	1	25	1ng	500	25
G23	G	23	350	100	100	47	indexF	32	CACGCA	0	4	25	1	25	1ng	500	25
G24	G	24	350	100	0	48	indexF	76	GTAGAT	100	4	25	1	25	1ng	500	25
H01	H	1	350	100	100	37	indexG	43	CGATAC	0	4	25	1	25	1ng	500	25
H02	H	2	350	100	100	38	indexG	49	CTGCAG	0	4	25	1	25	1ng	500	25
H03	H	3	350	100	100	39	indexG	40	CGAGAT	0	4	25	1	25	1ng	500	25
H04	H	4	350	100	100	40	indexG	79	GTATAC	0	4	25	1	25	1ng	500	25
H05	H	5	350	100	100	41	indexG	50	CTGCGT	0	4	25	1	25	1ng	500	25
H06	H	6	350	100	0	42	indexG	61	GAGTAC	100	4	25	1	25	1ng	500	25
H07	H	7	350	100	100	43	indexG	96	TCGCTC	0	4	25	1	25	1ng	500	25
H08	H	8	350	100	100	44	indexG	14	AGTCGT	0	4	25	1	25	1ng	500	25
H09	H	9	350	100	100	45	indexG	29	CACAGC	0	4	25	1	25	1ng	500	25
H10	H	10	350	100	0	46	indexG	89	TATGCA	100	4	25	1	25	1ng	500	25
H11	H	11	350	100	100	47	indexG	85	TATCAG	0	4	25	1	25	1ng	500	25
H12	H	12	350	100	100	48	indexG	24	ATCGTG	0	4	25	1	25	1ng	500	25
H13	H	13	350	100	100	37	indexH	24	ATCGTG	0	4	25	1	25	1ng	500	25
H14	H	14	350	100	100	38	indexH	13	AGTCAG	0	4	25	1	25	1ng	500	25
H15	H	15	350	100	100	39	indexH	38	CGACGT	0	4	25	1	25	1ng	500	25
H16	H	16	350	100	0	40	indexH	15	AGTCTC	100	4	25	1	25	1ng	500	25
H17	H	17	350	100	100	41	indexH	61	GAGTAC	0	4	25	1	25	1ng	500	25
H18	H	18	350	100	100	42	indexH	76	GTAGAT	0	4	25	1	25	1ng	500	25
H19	H	19	350	100	100	43	indexH	63	GAGTGA	0	4	25	1	25	1ng	500	25
H20	H	20	350	100	100	44	indexH	47	CTGAGC	0	4	25	1	25	1ng	500	25
H21	H	21	350	100	100	45	indexH	52	CTGTAC	0	4	25	1	25	1ng	500	25
H22	H	22	350	100	0	46	indexH	20	ATCAGC	100	4	25	1	25	1ng	500	25
H23	H	23	350	100	100	47	indexH	1	ACACAG	0	4	25	1	25	1ng	500	25
H24	H	24	350	100	100	48	indexH	3	ACACTC	0	4	25	1	25	1ng	500	25
I01	I	1	350	100	0	49	indexE	69	GCTCTC	100	4	25	1	25	1ng	500	25
I02	I	2	350	100	100	50	indexE	58	GAGCAG	0	4	25	1	25	1ng	500	25
I03	I	3	350	100	0	51	indexE	68	GCTCGT	100	4	25	1	25	1ng	500	25
I04	I	4	350	100	100	52	indexE	46	CTGACG	0	4	25	1	25	1ng	500	25
I05	I	5	350	100	100	53	indexE	31	CACGAT	0	4	25	1	25	1ng	500	25
I06	I	6	350	100	100	54	indexE	40	CGAGAT	0	4	25	1	25	1ng	500	25
I07	I	7	350	100	100	55	indexE	90	TATGTG	0	4	25	1	25	1ng	500	25
I08	I	8	350	100	100	56	indexE	82	TATACG	0	4	25	1	25	1ng	500	25
I09	I	9	350	100	0	57	indexE	74	GTACGT	100	4	25	1	25	1ng	500	25
I10	I	10	350	100	100	58	indexE	47	CTGAGC	0	4	25	1	25	1ng	500	25
I11	I	11	350	100	100	59	indexE	24	ATCGTG	0	4	25	1	25	1ng	500	25
I12	I	12	350	100	100	60	indexE	27	ATCTGA	0	4	25	1	25	1ng	500	25
I13	I	13	350	100	100	49	indexF	53	CTGTCT	0	4	25	1	25	1ng	500	25
I14	I	14	350	100	100	50	indexF	35	CACTCT	0	4	25	1	25	1ng	500	25
I15	I	15	350	100	100	51	indexF	31	CACGAT	0	4	25	1	25	1ng	500	25
I16	I	16	350	100	100	52	indexF	49	CTGCAG	0	4	25	1	25	1ng	500	25
I17	I	17	350	100	0	53	indexF	48	CTGATA	100	4	25	1	25	1ng	500	25
I18	I	18	350	100	100	54	indexF	70	GCTGAT	0	4	25	1	25	1ng	500	25
I19	I	19	350	100	100	55	indexF	8	ACATCT	0	4	25	1	25	1ng	500	25
I20	I	20	350	100	100	56	indexF	55	GAGACG	0	4	25	1	25	1ng	500	25
I21	I	21	350	100	100	57	indexF	37	CGACAG	0	4	25	1	25	1ng	500	25
I22	I	22	350	100	100	58	indexF	16	AGTGAT	0	4	25	1	25	1ng	500	25
I23	I	23	350	100	100	59	indexF	56	GAGAGC	0	4	25	1	25	1ng	500	25
I24	I	24	350	100	100	60	indexF	54	CTGTGA	0	4	25	1	25	1ng	500	25
J01	J	1	350	100	0	49	indexG	60	GAGCTC	100	4	25	1	25	1ng	500	25
J02	J	2	350	100	100	50	indexG	69	GCTCTC	0	4	25	1	25	1ng	500	25
J03	J	3	350	100	0	51	indexG	70	GCTGAT	100	4	25	1	25	1ng	500	25
J04	J	4	350	100	0	52	indexG	34	CACTAC	100	4	25	1	25	1ng	500	25
J05	J	5	350	100	100	53	indexG	67	GCTCAG	0	4	25	1	25	1ng	500	25
J06	J	6	350	100	0	54	indexG	42	CGAGTG	100	4	25	1	25	1ng	500	25
J07	J	7	350	100	100	55	indexG	47	CTGAGC	0	4	25	1	25	1ng	500	25
J08	J	8	350	100	100	56	indexG	22	ATCGAT	0	4	25	1	25	1ng	500	25
J09	J	9	350	100	100	57	indexG	6	ACAGTG	0	4	25	1	25	1ng	500	25
J10	J	10	350	100	100	58	indexG	53	CTGTCT	0	4	25	1	25	1ng	500	25
J11	J	11	350	100	100	59	indexG	66	GCTATA	0	4	25	1	25	1ng	500	25
J12	J	12	350	100	100	60	indexG	3	ACACTC	0	4	25	1	25	1ng	500	25
J13	J	13	350	100	100	49	indexH	56	GAGAGC	0	4	25	1	25	1ng	500	25
J14	J	14	350	100	100	50	indexH	27	ATCTGA	0	4	25	1	25	1ng	500	25
J15	J	15	350	100	100	51	indexH	39	CGACTC	0	4	25	1	25	1ng	500	25
J16	J	16	350	100	100	52	indexH	89	TATGCA	0	4	25	1	25	1ng	500	25
J17	J	17	350	100	100	53	indexH	58	GAGCAG	0	4	25	1	25	1ng	500	25
J18	J	18	350	100	0	54	indexH	45	CGATGA	100	4	25	1	25	1ng	500	25
J19	J	19	350	100	100	55	indexH	95	TCGCGT	0	4	25	1	25	1ng	500	25
J20	J	20	350	100	100	56	indexH	66	GCTATA	0	4	25	1	25	1ng	500	25
J21	J	21	350	100	100	57	indexH	21	ATCATA	0	4	25	1	25	1ng	500	25
J22	J	22	350	100	100	58	indexH	81	GTATGA	0	4	25	1	25	1ng	500	25
J23	J	23	350	100	100	59	indexH	60	GAGCTC	0	4	25	1	25	1ng	500	25
J24	J	24	350	100	100	60	indexH	90	TATGTG	0	4	25	1	25	1ng	500	25
K01	K	1	350	100	100	61	indexE	28	CACACG	0	4	25	1	25	1ng	500	25
K02	K	2	350	100	0	62	indexE	43	CGATAC	100	4	25	1	25	1ng	500	25
K03	K	3	350	100	100	63	indexE	22	ATCGAT	0	4	25	1	25	1ng	500	25
K04	K	4	350	100	100	64	indexE	53	CTGTCT	0	4	25	1	25	1ng	500	25
K05	K	5	350	100	100	65	indexE	36	CACTGA	0	4	25	1	25	1ng	500	25
K06	K	6	350	100	100	66	indexE	14	AGTCGT	0	4	25	1	25	1ng	500	25
K07	K	7	350	100	100	67	indexE	88	TATGAT	0	4	25	1	25	1ng	500	25
K08	K	8	350	100	100	68	indexE	44	CGATCT	0	4	25	1	25	1ng	500	25
K09	K	9	350	100	100	69	indexE	94	TCGCAG	0	4	25	1	25	1ng	500	25
K10	K	10	350	100	100	70	indexE	2	ACACGT	0	4	25	1	25	1ng	500	25
K11	K	11	350	100	100	71	indexE	8	ACATCT	0	4	25	1	25	1ng	500	25
K12	K	12	350	100	100	72	indexE	72	GCTGTG	0	4	25	1	25	1ng	500	25
K13	K	13	350	100	100	61	indexF	79	GTATAC	0	4	25	1	25	1ng	500	25
K14	K	14	350	100	100	62	indexF	7	ACATAC	0	4	25	1	25	1ng	500	25
K15	K	15	350	100	100	63	indexF	72	GCTGTG	0	4	25	1	25	1ng	500	25
K16	K	16	350	100	100	64	indexF	87	TATCTC	0	4	25	1	25	1ng	500	25
K17	K	17	350	100	100	65	indexF	27	ATCTGA	0	4	25	1	25	1ng	500	25
K18	K	18	350	100	100	66	indexF	59	GAGCGT	0	4	25	1	25	1ng	500	25
K19	K	19	350	100	100	67	indexF	81	GTATGA	0	4	25	1	25	1ng	500	25
K20	K	20	350	100	100	68	indexF	44	CGATCT	0	4	25	1	25	1ng	500	25
K21	K	21	350	100	0	69	indexF	75	GTACTC	100	4	25	1	25	1ng	500	25
K22	K	22	350	100	100	70	indexF	90	TATGTG	0	4	25	1	25	1ng	500	25
K23	K	23	350	100	100	71	indexF	34	CACTAC	0	4	25	1	25	1ng	500	25
K24	K	24	350	100	100	72	indexF	25	ATCTAC	0	4	25	1	25	1ng	500	25
L01	L	1	350	100	100	61	indexG	10	AGTACG	0	4	25	1	25	1ng	500	25
L02	L	2	350	100	100	62	indexG	2	ACACGT	0	4	25	1	25	1ng	500	25
L03	L	3	350	100	100	63	indexG	46	CTGACG	0	4	25	1	25	1ng	500	25
L04	L	4	350	100	100	64	indexG	71	GCTGCA	0	4	25	1	25	1ng	500	25
L05	L	5	350	100	100	65	indexG	35	CACTCT	0	4	25	1	25	1ng	500	25
L06	L	6	350	100	100	66	indexG	9	ACATGA	0	4	25	1	25	1ng	500	25
L07	L	7	350	100	100	67	indexG	65	GCTAGC	0	4	25	1	25	1ng	500	25
L08	L	8	350	100	100	68	indexG	82	TATACG	0	4	25	1	25	1ng	500	25
L09	L	9	350	100	100	69	indexG	78	GTAGTG	0	4	25	1	25	1ng	500	25
L10	L	10	350	100	100	70	indexG	55	GAGACG	0	4	25	1	25	1ng	500	25
L11	L	11	350	100	0	71	indexG	81	GTATGA	100	4	25	1	25	1ng	500	25
L12	L	12	350	100	100	72	indexG	31	CACGAT	0	4	25	1	25	1ng	500	25
L13	L	13	350	100	100	61	indexH	74	GTACGT	0	4	25	1	25	1ng	500	25
L14	L	14	350	100	0	62	indexH	78	GTAGTG	100	4	25	1	25	1ng	500	25
L15	L	15	350	100	100	63	indexH	9	ACATGA	0	4	25	1	25	1ng	500	25
L16	L	16	350	100	100	64	indexH	51	CTGCTC	0	4	25	1	25	1ng	500	25
L17	L	17	350	100	100	65	indexH	59	GAGCGT	0	4	25	1	25	1ng	500	25
L18	L	18	350	100	0	66	indexH	28	CACACG	100	4	25	1	25	1ng	500	25
L19	L	19	350	100	100	67	indexH	70	GCTGAT	0	4	25	1	25	1ng	500	25
L20	L	20	350	100	0	68	indexH	44	CGATCT	100	4	25	1	25	1ng	500	25
L21	L	21	350	100	0	69	indexH	23	ATCGCA	100	4	25	1	25	1ng	500	25
L22	L	22	350	100	100	70	indexH	80	GTATCT	0	4	25	1	25	1ng	500	25
L23	L	23	350	100	100	71	indexH	2	ACACGT	0	4	25	1	25	1ng	500	25
L24	L	24	350	100	100	72	indexH	18	AGTGTG	0	4	25	1	25	1ng	500	25
M01	M	1	350	100	100	73	indexE	37	CGACAG	0	4	25	1	25	1ng	500	25
M02	M	2	350	100	100	74	indexE	5	ACAGCA	0	4	25	1	25	1ng	500	25
M03	M	3	350	100	100	75	indexE	23	ATCGCA	0	4	25	1	25	1ng	500	25
M04	M	4	350	100	100	76	indexE	83	TATAGC	0	4	25	1	25	1ng	500	25
M05	M	5	350	100	100	77	indexE	77	GTAGCA	0	4	25	1	25	1ng	500	25
M06	M	6	350	100	0	78	indexE	56	GAGAGC	100	4	25	1	25	1ng	500	25
M07	M	7	350	100	100	79	indexE	91	TCGACG	0	4	25	1	25	1ng	500	25
M08	M	8	350	100	100	80	indexE	10	AGTACG	0	4	25	1	25	1ng	500	25
M09	M	9	350	100	100	81	indexE	20	ATCAGC	0	4	25	1	25	1ng	500	25
M10	M	10	350	100	100	82	indexE	65	GCTAGC	0	4	25	1	25	1ng	500	25
M11	M	11	350	100	100	83	indexE	45	CGATGA	0	4	25	1	25	1ng	500	25
M12	M	12	350	100	0	84	indexE	85	TATCAG	100	4	25	1	25	1ng	500	25
M13	M	13	350	100	100	73	indexF	1	ACACAG	0	4	25	1	25	1ng	500	25
M14	M	14	350	100	100	74	indexF	43	CGATAC	0	4	25	1	25	1ng	500	25
M15	M	15	350	100	100	75	indexF	29	CACAGC	0	4	25	1	25	1ng	500	25
M16	M	16	350	100	100	76	indexF	88	TATGAT	0	4	25	1	25	1ng	500	25
M17	M	17	350	100	0	77	indexF	6	ACAGTG	100	4	25	1	25	1ng	500	25
M18	M	18	350	100	100	78	indexF	50	CTGCGT	0	4	25	1	25	1ng	500	25
M19	M	19	350	100	100	79	indexF	47	CTGAGC	0	4	25	1	25	1ng	500	25
M20	M	20	350	100	0	80	indexF	14	AGTCGT	100	4	25	1	25	1ng	500	25
M21	M	21	350	100	100	81	indexF	86	TATCGT	0	4	25	1	25	1ng	500	25
M22	M	22	350	100	100	82	indexF	21	ATCATA	0	4	25	1	25	1ng	500	25
M23	M	23	350	100	0	83	indexF	33	CACGTG	100	4	25	1	25	1ng	500	25
M24	M	24	350	100	100	84	indexF	73	GTACAG	0	4	25	1	25	1ng	500	25
N01	N	1	350	100	100	73	indexG	62	GAGTCT	0	4	25	1	25	1ng	500	25
N02	N	2	350	100	100	74	indexG	80	GTATCT	0	4	25	1	25	1ng	500	25
N03	N	3	350	100	100	75	indexG	33	CACGTG	0	4	25	1	25	1ng	500	25
N04	N	4	350	100	100	76	indexG	64	GCTACG	0	4	25	1	25	1ng	500	25
N05	N	5	350	100	100	77	indexG	18	AGTGTG	0	4	25	1	25	1ng	500	25
N06	N	6	350	100	100	78	indexG	56	GAGAGC	0	4	25	1	25	1ng	500	25
N07	N	7	350	100	100	79	indexG	23	ATCGCA	0	4	25	1	25	1ng	500	25
N08	N	8	350	100	100	80	indexG	59	GAGCGT	0	4	25	1	25	1ng	500	25
N09	N	9	350	100	100	81	indexG	39	CGACTC	0	4	25	1	25	1ng	500	25
N10	N	10	350	100	100	82	indexG	74	GTACGT	0	4	25	1	25	1ng	500	25
N11	N	11	350	100	100	83	indexG	86	TATCGT	0	4	25	1	25	1ng	500	25
N12	N	12	350	100	100	84	indexG	7	ACATAC	0	4	25	1	25	1ng	500	25
N13	N	13	350	100	100	73	indexH	55	GAGACG	0	4	25	1	25	1ng	500	25
N14	N	14	350	100	100	74	indexH	79	GTATAC	0	4	25	1	25	1ng	500	25
N15	N	15	350	100	100	75	indexH	49	CTGCAG	0	4	25	1	25	1ng	500	25
N16	N	16	350	100	100	76	indexH	83	TATAGC	0	4	25	1	25	1ng	500	25
N17	N	17	350	100	100	77	indexH	86	TATCGT	0	4	25	1	25	1ng	500	25
N18	N	18	350	100	100	78	indexH	67	GCTCAG	0	4	25	1	25	1ng	500	25
N19	N	19	350	100	0	79	indexH	22	ATCGAT	100	4	25	1	25	1ng	500	25
N20	N	20	350	100	100	80	indexH	40	CGAGAT	0	4	25	1	25	1ng	500	25
N21	N	21	350	100	100	81	indexH	65	GCTAGC	0	4	25	1	25	1ng	500	25
N22	N	22	350	100	100	82	indexH	77	GTAGCA	0	4	25	1	25	1ng	500	25
N23	N	23	350	100	100	83	indexH	32	CACGCA	0	4	25	1	25	1ng	500	25
N24	N	24	350	100	100	84	indexH	91	TCGACG	0	4	25	1	25	1ng	500	25
O01	O	1	350	100	100	85	indexE	3	ACACTC	0	4	25	1	25	1ng	500	25
O02	O	2	350	100	0	86	indexE	19	ATCACG	100	4	25	1	25	1ng	500	25
O03	O	3	350	100	100	87	indexE	15	AGTCTC	0	4	25	1	25	1ng	500	25
O04	O	4	350	100	100	88	indexE	89	TATGCA	0	4	25	1	25	1ng	500	25
O05	O	5	350	100	100	89	indexE	13	AGTCAG	0	4	25	1	25	1ng	500	25
O06	O	6	350	100	100	90	indexE	33	CACGTG	0	4	25	1	25	1ng	500	25
O07	O	7	350	100	100	91	indexE	84	TATATA	0	4	25	1	25	1ng	500	25
O08	O	8	350	100	100	92	indexE	38	CGACGT	0	4	25	1	25	1ng	500	25
O09	O	9	350	100	100	93	indexE	60	GAGCTC	0	4	25	1	25	1ng	500	25
O10	O	10	350	100	100	94	indexE	4	ACAGAT	0	4	25	1	25	1ng	500	25
O11	O	11	350	100	100	95	indexE	29	CACAGC	0	4	25	1	25	1ng	500	25
O12	O	12	350	100	0	96	indexE	71	GCTGCA	100	4	25	1	25	1ng	500	25
O13	O	13	350	100	100	85	indexF	12	AGTATA	0	4	25	1	25	1ng	500	25
O14	O	14	350	100	100	86	indexF	58	GAGCAG	0	4	25	1	25	1ng	500	25
O15	O	15	350	100	100	87	indexF	68	GCTCGT	0	4	25	1	25	1ng	500	25
O16	O	16	350	100	100	88	indexF	23	ATCGCA	0	4	25	1	25	1ng	500	25
O17	O	17	350	100	100	89	indexF	24	ATCGTG	0	4	25	1	25	1ng	500	25
O18	O	18	350	100	100	90	indexF	85	TATCAG	0	4	25	1	25	1ng	500	25
O19	O	19	350	100	100	91	indexF	28	CACACG	0	4	25	1	25	1ng	500	25
O20	O	20	350	100	100	92	indexF	4	ACAGAT	0	4	25	1	25	1ng	500	25
O21	O	21	350	100	100	93	indexF	40	CGAGAT	0	4	25	1	25	1ng	500	25
O22	O	22	350	100	100	94	indexF	5	ACAGCA	0	4	25	1	25	1ng	500	25
O23	O	23	350	100	100	95	indexF	93	TCGATA	0	4	25	1	25	1ng	500	25
O24	O	24	350	100	100	96	indexF	36	CACTGA	0	4	25	1	25	1ng	500	25
P01	P	1	350	100	100	85	indexG	75	GTACTC	0	4	25	1	25	1ng	500	25
P02	P	2	350	100	0	86	indexG	37	CGACAG	100	4	25	1	25	1ng	500	25
P03	P	3	350	100	100	87	indexG	28	CACACG	0	4	25	1	25	1ng	500	25
P04	P	4	350	100	100	88	indexG	45	CGATGA	0	4	25	1	25	1ng	500	25
P05	P	5	350	100	100	89	indexG	72	GCTGTG	0	4	25	1	25	1ng	500	25
P06	P	6	350	100	100	90	indexG	13	AGTCAG	0	4	25	1	25	1ng	500	25
P07	P	7	350	100	0	91	indexG	4	ACAGAT	100	4	25	1	25	1ng	500	25
P08	P	8	350	100	100	92	indexG	58	GAGCAG	0	4	25	1	25	1ng	500	25
P09	P	9	350	100	100	93	indexG	36	CACTGA	0	4	25	1	25	1ng	500	25
P10	P	10	350	100	100	94	indexG	8	ACATCT	0	4	25	1	25	1ng	500	25
P11	P	11	350	100	100	95	indexG	38	CGACGT	0	4	25	1	25	1ng	500	25
P12	P	12	350	100	100	96	indexG	21	ATCATA	0	4	25	1	25	1ng	500	25
P13	P	13	350	100	100	85	indexH	82	TATACG	0	4	25	1	25	1ng	500	25
P14	P	14	350	100	100	86	indexH	87	TATCTC	0	4	25	1	25	1ng	500	25
P15	P	15	350	100	100	87	indexH	35	CACTCT	0	4	25	1	25	1ng	500	25
P16	P	16	350	100	100	88	indexH	93	TCGATA	0	4	25	1	25	1ng	500	25
P17	P	17	350	100	100	89	indexH	94	TCGCAG	0	4	25	1	25	1ng	500	25
P18	P	18	350	100	0	90	indexH	84	TATATA	100	4	25	1	25	1ng	500	25
P19	P	19	350	100	100	91	indexH	88	TATGAT	0	4	25	1	25	1ng	500	25
P20	P	20	350	100	0	92	indexH	73	GTACAG	100	4	25	1	25	1ng	500	25
P21	P	21	350	100	100	93	indexH	85	TATCAG	0	4	25	1	25	1ng	500	25
P22	P	22	350	100	100	94	indexH	26	ATCTCT	0	4	25	1	25	1ng	500	25
P23	P	23	350	100	100	95	indexH	29	CACAGC	0	4	25	1	25	1ng	500	25
P24	P	24	350	100	100	96	indexH	54	CTGTGA	0	4	25	1	25	1ng	500	25
