well	row	col	MASTER_MIX_vol	TSO	TSO_vol	BARCODE_ID_norandom	INDEX	BARCODE_ID	BARCODE_SEQ	H2O_vol	RT_PRIMERS	RT_PRIMERS_vol	RNA	RNA_vol	RNA_group	total_volume	PRIMERS_RATIO
A01	A	1	350	100	100	1	indexA	26	ATCTCT	0	4	25	1	25	1ng	500	25
A02	A	2	350	100	100	2	indexA	36	CACTGA	0	4	25	1	25	1ng	500	25
A03	A	3	350	100	100	3	indexA	54	CTGTGA	0	4	25	1	25	1ng	500	25
A04	A	4	350	100	100	4	indexA	85	TATCAG	0	4	25	1	25	1ng	500	25
A05	A	5	350	100	100	5	indexA	19	ATCACG	0	4	25	1	25	1ng	500	25
A06	A	6	350	100	100	6	indexA	82	TATACG	0	4	25	1	25	1ng	500	25
A07	A	7	350	100	100	7	indexA	86	TATCGT	0	4	25	1	25	1ng	500	25
A08	A	8	350	100	100	8	indexA	59	GAGCGT	0	4	25	1	25	1ng	500	25
A09	A	9	350	100	100	9	indexA	56	GAGAGC	0	4	25	1	25	1ng	500	25
A10	A	10	350	100	100	10	indexA	6	ACAGTG	0	4	25	1	25	1ng	500	25
A11	A	11	350	100	100	11	indexA	18	AGTGTG	0	4	25	1	25	1ng	500	25
A12	A	12	350	100	100	12	indexA	16	AGTGAT	0	4	25	1	25	1ng	500	25
A13	A	13	350	100	100	1	indexB	44	CGATCT	0	4	25	1	25	1ng	500	25
A14	A	14	350	100	100	2	indexB	39	CGACTC	0	4	25	1	25	1ng	500	25
A15	A	15	350	100	100	3	indexB	77	GTAGCA	0	4	25	1	25	1ng	500	25
A16	A	16	350	100	100	4	indexB	57	GAGATA	0	4	25	1	25	1ng	500	25
A17	A	17	350	100	100	5	indexB	61	GAGTAC	0	4	25	1	25	1ng	500	25
A18	A	18	350	100	100	6	indexB	33	CACGTG	0	4	25	1	25	1ng	500	25
A19	A	19	350	100	100	7	indexB	25	ATCTAC	0	4	25	1	25	1ng	500	25
A20	A	20	350	100	100	8	indexB	89	TATGCA	0	4	25	1	25	1ng	500	25
A21	A	21	350	100	100	9	indexB	56	GAGAGC	0	4	25	1	25	1ng	500	25
A22	A	22	350	100	100	10	indexB	19	ATCACG	0	4	25	1	25	1ng	500	25
A23	A	23	350	100	100	11	indexB	12	AGTATA	0	4	25	1	25	1ng	500	25
A24	A	24	350	100	100	12	indexB	41	CGAGCA	0	4	25	1	25	1ng	500	25
B01	B	1	350	100	100	1	indexC	10	AGTACG	0	4	25	1	25	1ng	500	25
B02	B	2	350	100	100	2	indexC	89	TATGCA	0	4	25	1	25	1ng	500	25
B03	B	3	350	100	0	3	indexC	27	ATCTGA	100	4	25	1	25	1ng	500	25
B04	B	4	350	100	100	4	indexC	55	GAGACG	0	4	25	1	25	1ng	500	25
B05	B	5	350	100	0	5	indexC	11	AGTAGC	100	4	25	1	25	1ng	500	25
B06	B	6	350	100	100	6	indexC	77	GTAGCA	0	4	25	1	25	1ng	500	25
B07	B	7	350	100	100	7	indexC	29	CACAGC	0	4	25	1	25	1ng	500	25
B08	B	8	350	100	100	8	indexC	70	GCTGAT	0	4	25	1	25	1ng	500	25
B09	B	9	350	100	0	9	indexC	24	ATCGTG	100	4	25	1	25	1ng	500	25
B10	B	10	350	100	100	10	indexC	20	ATCAGC	0	4	25	1	25	1ng	500	25
B11	B	11	350	100	100	11	indexC	45	CGATGA	0	4	25	1	25	1ng	500	25
B12	B	12	350	100	100	12	indexC	23	ATCGCA	0	4	25	1	25	1ng	500	25
B13	B	13	350	100	0	1	indexD	13	AGTCAG	100	4	25	1	25	1ng	500	25
B14	B	14	350	100	100	2	indexD	22	ATCGAT	0	4	25	1	25	1ng	500	25
B15	B	15	350	100	100	3	indexD	95	TCGCGT	0	4	25	1	25	1ng	500	25
B16	B	16	350	100	100	4	indexD	96	TCGCTC	0	4	25	1	25	1ng	500	25
B17	B	17	350	100	100	5	indexD	91	TCGACG	0	4	25	1	25	1ng	500	25
B18	B	18	350	100	100	6	indexD	30	CACATA	0	4	25	1	25	1ng	500	25
B19	B	19	350	100	100	7	indexD	46	CTGACG	0	4	25	1	25	1ng	500	25
B20	B	20	350	100	100	8	indexD	61	GAGTAC	0	4	25	1	25	1ng	500	25
B21	B	21	350	100	0	9	indexD	9	ACATGA	100	4	25	1	25	1ng	500	25
B22	B	22	350	100	100	10	indexD	11	AGTAGC	0	4	25	1	25	1ng	500	25
B23	B	23	350	100	100	11	indexD	5	ACAGCA	0	4	25	1	25	1ng	500	25
B24	B	24	350	100	100	12	indexD	79	GTATAC	0	4	25	1	25	1ng	500	25
C01	C	1	350	100	100	13	indexA	58	GAGCAG	0	4	25	1	25	1ng	500	25
C02	C	2	350	100	100	14	indexA	32	CACGCA	0	4	25	1	25	1ng	500	25
C03	C	3	350	100	100	15	indexA	64	GCTACG	0	4	25	1	25	1ng	500	25
C04	C	4	350	100	0	16	indexA	41	CGAGCA	100	4	25	1	25	1ng	500	25
C05	C	5	350	100	100	17	indexA	84	TATATA	0	4	25	1	25	1ng	500	25
C06	C	6	350	100	100	18	indexA	79	GTATAC	0	4	25	1	25	1ng	500	25
C07	C	7	350	100	0	19	indexA	30	CACATA	100	4	25	1	25	1ng	500	25
C08	C	8	350	100	100	20	indexA	60	GAGCTC	0	4	25	1	25	1ng	500	25
C09	C	9	350	100	100	21	indexA	72	GCTGTG	0	4	25	1	25	1ng	500	25
C10	C	10	350	100	100	22	indexA	93	TCGATA	0	4	25	1	25	1ng	500	25
C11	C	11	350	100	0	23	indexA	49	CTGCAG	100	4	25	1	25	1ng	500	25
C12	C	12	350	100	100	24	indexA	10	AGTACG	0	4	25	1	25	1ng	500	25
C13	C	13	350	100	100	13	indexB	78	GTAGTG	0	4	25	1	25	1ng	500	25
C14	C	14	350	100	0	14	indexB	50	CTGCGT	100	4	25	1	25	1ng	500	25
C15	C	15	350	100	100	15	indexB	81	GTATGA	0	4	25	1	25	1ng	500	25
C16	C	16	350	100	100	16	indexB	60	GAGCTC	0	4	25	1	25	1ng	500	25
C17	C	17	350	100	100	17	indexB	29	CACAGC	0	4	25	1	25	1ng	500	25
C18	C	18	350	100	0	18	indexB	35	CACTCT	100	4	25	1	25	1ng	500	25
C19	C	19	350	100	100	19	indexB	86	TATCGT	0	4	25	1	25	1ng	500	25
C20	C	20	350	100	100	20	indexB	2	ACACGT	0	4	25	1	25	1ng	500	25
C21	C	21	350	100	100	21	indexB	55	GAGACG	0	4	25	1	25	1ng	500	25
C22	C	22	350	100	100	22	indexB	8	ACATCT	0	4	25	1	25	1ng	500	25
C23	C	23	350	100	100	23	indexB	34	CACTAC	0	4	25	1	25	1ng	500	25
C24	C	24	350	100	0	24	indexB	47	CTGAGC	100	4	25	1	25	1ng	500	25
D01	D	1	350	100	100	13	indexC	16	AGTGAT	0	4	25	1	25	1ng	500	25
D02	D	2	350	100	100	14	indexC	44	CGATCT	0	4	25	1	25	1ng	500	25
D03	D	3	350	100	100	15	indexC	47	CTGAGC	0	4	25	1	25	1ng	500	25
D04	D	4	350	100	100	16	indexC	92	TCGAGC	0	4	25	1	25	1ng	500	25
D05	D	5	350	100	100	17	indexC	21	ATCATA	0	4	25	1	25	1ng	500	25
D06	D	6	350	100	100	18	indexC	57	GAGATA	0	4	25	1	25	1ng	500	25
D07	D	7	350	100	100	19	indexC	75	GTACTC	0	4	25	1	25	1ng	500	25
D08	D	8	350	100	100	20	indexC	8	ACATCT	0	4	25	1	25	1ng	500	25
D09	D	9	350	100	0	21	indexC	59	GAGCGT	100	4	25	1	25	1ng	500	25
D10	D	10	350	100	100	22	indexC	72	GCTGTG	0	4	25	1	25	1ng	500	25
D11	D	11	350	100	100	23	indexC	61	GAGTAC	0	4	25	1	25	1ng	500	25
D12	D	12	350	100	100	24	indexC	85	TATCAG	0	4	25	1	25	1ng	500	25
D13	D	13	350	100	100	13	indexD	57	GAGATA	0	4	25	1	25	1ng	500	25
D14	D	14	350	100	100	14	indexD	8	ACATCT	0	4	25	1	25	1ng	500	25
D15	D	15	350	100	100	15	indexD	41	CGAGCA	0	4	25	1	25	1ng	500	25
D16	D	16	350	100	100	16	indexD	38	CGACGT	0	4	25	1	25	1ng	500	25
D17	D	17	350	100	100	17	indexD	31	CACGAT	0	4	25	1	25	1ng	500	25
D18	D	18	350	100	100	18	indexD	85	TATCAG	0	4	25	1	25	1ng	500	25
D19	D	19	350	100	100	19	indexD	14	AGTCGT	0	4	25	1	25	1ng	500	25
D20	D	20	350	100	0	20	indexD	63	GAGTGA	100	4	25	1	25	1ng	500	25
D21	D	21	350	100	100	21	indexD	6	ACAGTG	0	4	25	1	25	1ng	500	25
D22	D	22	350	100	100	22	indexD	80	GTATCT	0	4	25	1	25	1ng	500	25
D23	D	23	350	100	100	23	indexD	87	TATCTC	0	4	25	1	25	1ng	500	25
D24	D	24	350	100	100	24	indexD	15	AGTCTC	0	4	25	1	25	1ng	500	25
E01	E	1	350	100	100	25	indexA	20	ATCAGC	0	4	25	1	25	1ng	500	25
E02	E	2	350	100	100	26	indexA	28	CACACG	0	4	25	1	25	1ng	500	25
E03	E	3	350	100	100	27	indexA	1	ACACAG	0	4	25	1	25	1ng	500	25
E04	E	4	350	100	100	28	indexA	27	ATCTGA	0	4	25	1	25	1ng	500	25
E05	E	5	350	100	100	29	indexA	77	GTAGCA	0	4	25	1	25	1ng	500	25
E06	E	6	350	100	100	30	indexA	23	ATCGCA	0	4	25	1	25	1ng	500	25
E07	E	7	350	100	100	31	indexA	83	TATAGC	0	4	25	1	25	1ng	500	25
E08	E	8	350	100	100	32	indexA	39	CGACTC	0	4	25	1	25	1ng	500	25
E09	E	9	350	100	100	33	indexA	66	GCTATA	0	4	25	1	25	1ng	500	25
E10	E	10	350	100	100	34	indexA	12	AGTATA	0	4	25	1	25	1ng	500	25
E11	E	11	350	100	100	35	indexA	52	CTGTAC	0	4	25	1	25	1ng	500	25
E12	E	12	350	100	100	36	indexA	81	GTATGA	0	4	25	1	25	1ng	500	25
E13	E	13	350	100	100	25	indexB	72	GCTGTG	0	4	25	1	25	1ng	500	25
E14	E	14	350	100	100	26	indexB	36	CACTGA	0	4	25	1	25	1ng	500	25
E15	E	15	350	100	100	27	indexB	74	GTACGT	0	4	25	1	25	1ng	500	25
E16	E	16	350	100	100	28	indexB	84	TATATA	0	4	25	1	25	1ng	500	25
E17	E	17	350	100	100	29	indexB	52	CTGTAC	0	4	25	1	25	1ng	500	25
E18	E	18	350	100	100	30	indexB	31	CACGAT	0	4	25	1	25	1ng	500	25
E19	E	19	350	100	100	31	indexB	70	GCTGAT	0	4	25	1	25	1ng	500	25
E20	E	20	350	100	100	32	indexB	14	AGTCGT	0	4	25	1	25	1ng	500	25
E21	E	21	350	100	100	33	indexB	15	AGTCTC	0	4	25	1	25	1ng	500	25
E22	E	22	350	100	100	34	indexB	38	CGACGT	0	4	25	1	25	1ng	500	25
E23	E	23	350	100	100	35	indexB	71	GCTGCA	0	4	25	1	25	1ng	500	25
E24	E	24	350	100	0	36	indexB	5	ACAGCA	100	4	25	1	25	1ng	500	25
F01	F	1	350	100	0	25	indexC	82	TATACG	100	4	25	1	25	1ng	500	25
F02	F	2	350	100	100	26	indexC	68	GCTCGT	0	4	25	1	25	1ng	500	25
F03	F	3	350	100	100	27	indexC	67	GCTCAG	0	4	25	1	25	1ng	500	25
F04	F	4	350	100	100	28	indexC	88	TATGAT	0	4	25	1	25	1ng	500	25
F05	F	5	350	100	100	29	indexC	18	AGTGTG	0	4	25	1	25	1ng	500	25
F06	F	6	350	100	100	30	indexC	12	AGTATA	0	4	25	1	25	1ng	500	25
F07	F	7	350	100	100	31	indexC	22	ATCGAT	0	4	25	1	25	1ng	500	25
F08	F	8	350	100	100	32	indexC	34	CACTAC	0	4	25	1	25	1ng	500	25
F09	F	9	350	100	100	33	indexC	60	GAGCTC	0	4	25	1	25	1ng	500	25
F10	F	10	350	100	100	34	indexC	33	CACGTG	0	4	25	1	25	1ng	500	25
F11	F	11	350	100	100	35	indexC	84	TATATA	0	4	25	1	25	1ng	500	25
F12	F	12	350	100	100	36	indexC	3	ACACTC	0	4	25	1	25	1ng	500	25
F13	F	13	350	100	100	25	indexD	89	TATGCA	0	4	25	1	25	1ng	500	25
F14	F	14	350	100	100	26	indexD	52	CTGTAC	0	4	25	1	25	1ng	500	25
F15	F	15	350	100	100	27	indexD	19	ATCACG	0	4	25	1	25	1ng	500	25
F16	F	16	350	100	100	28	indexD	35	CACTCT	0	4	25	1	25	1ng	500	25
F17	F	17	350	100	100	29	indexD	76	GTAGAT	0	4	25	1	25	1ng	500	25
F18	F	18	350	100	100	30	indexD	24	ATCGTG	0	4	25	1	25	1ng	500	25
F19	F	19	350	100	100	31	indexD	64	GCTACG	0	4	25	1	25	1ng	500	25
F20	F	20	350	100	100	32	indexD	82	TATACG	0	4	25	1	25	1ng	500	25
F21	F	21	350	100	100	33	indexD	43	CGATAC	0	4	25	1	25	1ng	500	25
F22	F	22	350	100	100	34	indexD	20	ATCAGC	0	4	25	1	25	1ng	500	25
F23	F	23	350	100	100	35	indexD	26	ATCTCT	0	4	25	1	25	1ng	500	25
F24	F	24	350	100	100	36	indexD	72	GCTGTG	0	4	25	1	25	1ng	500	25
G01	G	1	350	100	100	37	indexA	48	CTGATA	0	4	25	1	25	1ng	500	25
G02	G	2	350	100	100	38	indexA	7	ACATAC	0	4	25	1	25	1ng	500	25
G03	G	3	350	100	100	39	indexA	42	CGAGTG	0	4	25	1	25	1ng	500	25
G04	G	4	350	100	100	40	indexA	24	ATCGTG	0	4	25	1	25	1ng	500	25
G05	G	5	350	100	100	41	indexA	46	CTGACG	0	4	25	1	25	1ng	500	25
G06	G	6	350	100	100	42	indexA	95	TCGCGT	0	4	25	1	25	1ng	500	25
G07	G	7	350	100	100	43	indexA	43	CGATAC	0	4	25	1	25	1ng	500	25
G08	G	8	350	100	100	44	indexA	78	GTAGTG	0	4	25	1	25	1ng	500	25
G09	G	9	350	100	100	45	indexA	71	GCTGCA	0	4	25	1	25	1ng	500	25
G10	G	10	350	100	100	46	indexA	61	GAGTAC	0	4	25	1	25	1ng	500	25
G11	G	11	350	100	100	47	indexA	2	ACACGT	0	4	25	1	25	1ng	500	25
G12	G	12	350	100	0	48	indexA	57	GAGATA	100	4	25	1	25	1ng	500	25
G13	G	13	350	100	100	37	indexB	3	ACACTC	0	4	25	1	25	1ng	500	25
G14	G	14	350	100	100	38	indexB	63	GAGTGA	0	4	25	1	25	1ng	500	25
G15	G	15	350	100	100	39	indexB	54	CTGTGA	0	4	25	1	25	1ng	500	25
G16	G	16	350	100	100	40	indexB	79	GTATAC	0	4	25	1	25	1ng	500	25
G17	G	17	350	100	0	41	indexB	32	CACGCA	100	4	25	1	25	1ng	500	25
G18	G	18	350	100	100	42	indexB	80	GTATCT	0	4	25	1	25	1ng	500	25
G19	G	19	350	100	0	43	indexB	58	GAGCAG	100	4	25	1	25	1ng	500	25
G20	G	20	350	100	100	44	indexB	27	ATCTGA	0	4	25	1	25	1ng	500	25
G21	G	21	350	100	100	45	indexB	62	GAGTCT	0	4	25	1	25	1ng	500	25
G22	G	22	350	100	100	46	indexB	67	GCTCAG	0	4	25	1	25	1ng	500	25
G23	G	23	350	100	100	47	indexB	69	GCTCTC	0	4	25	1	25	1ng	500	25
G24	G	24	350	100	100	48	indexB	13	AGTCAG	0	4	25	1	25	1ng	500	25
H01	H	1	350	100	100	37	indexC	26	ATCTCT	0	4	25	1	25	1ng	500	25
H02	H	2	350	100	0	38	indexC	51	CTGCTC	100	4	25	1	25	1ng	500	25
H03	H	3	350	100	100	39	indexC	80	GTATCT	0	4	25	1	25	1ng	500	25
H04	H	4	350	100	100	40	indexC	91	TCGACG	0	4	25	1	25	1ng	500	25
H05	H	5	350	100	100	41	indexC	58	GAGCAG	0	4	25	1	25	1ng	500	25
H06	H	6	350	100	100	42	indexC	35	CACTCT	0	4	25	1	25	1ng	500	25
H07	H	7	350	100	100	43	indexC	66	GCTATA	0	4	25	1	25	1ng	500	25
H08	H	8	350	100	100	44	indexC	37	CGACAG	0	4	25	1	25	1ng	500	25
H09	H	9	350	100	0	45	indexC	36	CACTGA	100	4	25	1	25	1ng	500	25
H10	H	10	350	100	100	46	indexC	90	TATGTG	0	4	25	1	25	1ng	500	25
H11	H	11	350	100	100	47	indexC	54	CTGTGA	0	4	25	1	25	1ng	500	25
H12	H	12	350	100	100	48	indexC	73	GTACAG	0	4	25	1	25	1ng	500	25
H13	H	13	350	100	100	37	indexD	71	GCTGCA	0	4	25	1	25	1ng	500	25
H14	H	14	350	100	100	38	indexD	84	TATATA	0	4	25	1	25	1ng	500	25
H15	H	15	350	100	100	39	indexD	48	CTGATA	0	4	25	1	25	1ng	500	25
H16	H	16	350	100	100	40	indexD	45	CGATGA	0	4	25	1	25	1ng	500	25
H17	H	17	350	100	0	41	indexD	16	AGTGAT	100	4	25	1	25	1ng	500	25
H18	H	18	350	100	100	42	indexD	42	CGAGTG	0	4	25	1	25	1ng	500	25
H19	H	19	350	100	0	43	indexD	54	CTGTGA	100	4	25	1	25	1ng	500	25
H20	H	20	350	100	100	44	indexD	56	GAGAGC	0	4	25	1	25	1ng	500	25
H21	H	21	350	100	100	45	indexD	21	ATCATA	0	4	25	1	25	1ng	500	25
H22	H	22	350	100	100	46	indexD	55	GAGACG	0	4	25	1	25	1ng	500	25
H23	H	23	350	100	100	47	indexD	4	ACAGAT	0	4	25	1	25	1ng	500	25
H24	H	24	350	100	100	48	indexD	18	AGTGTG	0	4	25	1	25	1ng	500	25
I01	I	1	350	100	0	49	indexA	55	GAGACG	100	4	25	1	25	1ng	500	25
I02	I	2	350	100	100	50	indexA	33	CACGTG	0	4	25	1	25	1ng	500	25
I03	I	3	350	100	100	51	indexA	22	ATCGAT	0	4	25	1	25	1ng	500	25
I04	I	4	350	100	0	52	indexA	65	GCTAGC	100	4	25	1	25	1ng	500	25
I05	I	5	350	100	100	53	indexA	76	GTAGAT	0	4	25	1	25	1ng	500	25
I06	I	6	350	100	100	54	indexA	11	AGTAGC	0	4	25	1	25	1ng	500	25
I07	I	7	350	100	100	55	indexA	3	ACACTC	0	4	25	1	25	1ng	500	25
I08	I	8	350	100	100	56	indexA	5	ACAGCA	0	4	25	1	25	1ng	500	25
I09	I	9	350	100	100	57	indexA	13	AGTCAG	0	4	25	1	25	1ng	500	25
I10	I	10	350	100	0	58	indexA	21	ATCATA	100	4	25	1	25	1ng	500	25
I11	I	11	350	100	0	59	indexA	96	TCGCTC	100	4	25	1	25	1ng	500	25
I12	I	12	350	100	100	60	indexA	75	GTACTC	0	4	25	1	25	1ng	500	25
I13	I	13	350	100	100	49	indexB	68	GCTCGT	0	4	25	1	25	1ng	500	25
I14	I	14	350	100	100	50	indexB	22	ATCGAT	0	4	25	1	25	1ng	500	25
I15	I	15	350	100	100	51	indexB	9	ACATGA	0	4	25	1	25	1ng	500	25
I16	I	16	350	100	0	52	indexB	66	GCTATA	100	4	25	1	25	1ng	500	25
I17	I	17	350	100	100	53	indexB	92	TCGAGC	0	4	25	1	25	1ng	500	25
I18	I	18	350	100	100	54	indexB	59	GAGCGT	0	4	25	1	25	1ng	500	25
I19	I	19	350	100	0	55	indexB	26	ATCTCT	100	4	25	1	25	1ng	500	25
I20	I	20	350	100	100	56	indexB	23	ATCGCA	0	4	25	1	25	1ng	500	25
I21	I	21	350	100	100	57	indexB	65	GCTAGC	0	4	25	1	25	1ng	500	25
I22	I	22	350	100	100	58	indexB	18	AGTGTG	0	4	25	1	25	1ng	500	25
I23	I	23	350	100	100	59	indexB	20	ATCAGC	0	4	25	1	25	1ng	500	25
I24	I	24	350	100	100	60	indexB	7	ACATAC	0	4	25	1	25	1ng	500	25
J01	J	1	350	100	100	49	indexC	15	AGTCTC	0	4	25	1	25	1ng	500	25
J02	J	2	350	100	100	50	indexC	28	CACACG	0	4	25	1	25	1ng	500	25
J03	J	3	350	100	100	51	indexC	42	CGAGTG	0	4	25	1	25	1ng	500	25
J04	J	4	350	100	0	52	indexC	7	ACATAC	100	4	25	1	25	1ng	500	25
J05	J	5	350	100	100	53	indexC	19	ATCACG	0	4	25	1	25	1ng	500	25
J06	J	6	350	100	100	54	indexC	96	TCGCTC	0	4	25	1	25	1ng	500	25
J07	J	7	350	100	100	55	indexC	83	TATAGC	0	4	25	1	25	1ng	500	25
J08	J	8	350	100	100	56	indexC	6	ACAGTG	0	4	25	1	25	1ng	500	25
J09	J	9	350	100	0	57	indexC	46	CTGACG	100	4	25	1	25	1ng	500	25
J10	J	10	350	100	0	58	indexC	53	CTGTCT	100	4	25	1	25	1ng	500	25
J11	J	11	350	100	100	59	indexC	76	GTAGAT	0	4	25	1	25	1ng	500	25
J12	J	12	350	100	100	60	indexC	93	TCGATA	0	4	25	1	25	1ng	500	25
J13	J	13	350	100	100	49	indexD	94	TCGCAG	0	4	25	1	25	1ng	500	25
J14	J	14	350	100	0	50	indexD	83	TATAGC	100	4	25	1	25	1ng	500	25
J15	J	15	350	100	100	51	indexD	27	ATCTGA	0	4	25	1	25	1ng	500	25
J16	J	16	350	100	100	52	indexD	44	CGATCT	0	4	25	1	25	1ng	500	25
J17	J	17	350	100	100	53	indexD	59	GAGCGT	0	4	25	1	25	1ng	500	25
J18	J	18	350	100	100	54	indexD	47	CTGAGC	0	4	25	1	25	1ng	500	25
J19	J	19	350	100	100	55	indexD	23	ATCGCA	0	4	25	1	25	1ng	500	25
J20	J	20	350	100	100	56	indexD	53	CTGTCT	0	4	25	1	25	1ng	500	25
J21	J	21	350	100	100	57	indexD	28	CACACG	0	4	25	1	25	1ng	500	25
J22	J	22	350	100	100	58	indexD	74	GTACGT	0	4	25	1	25	1ng	500	25
J23	J	23	350	100	100	59	indexD	49	CTGCAG	0	4	25	1	25	1ng	500	25
J24	J	24	350	100	100	60	indexD	7	ACATAC	0	4	25	1	25	1ng	500	25
K01	K	1	350	100	100	61	indexA	47	CTGAGC	0	4	25	1	25	1ng	500	25
K02	K	2	350	100	100	62	indexA	94	TCGCAG	0	4	25	1	25	1ng	500	25
K03	K	3	350	100	100	63	indexA	37	CGACAG	0	4	25	1	25	1ng	500	25
K04	K	4	350	100	100	64	indexA	35	CACTCT	0	4	25	1	25	1ng	500	25
K05	K	5	350	100	100	65	indexA	45	CGATGA	0	4	25	1	25	1ng	500	25
K06	K	6	350	100	0	66	indexA	8	ACATCT	100	4	25	1	25	1ng	500	25
K07	K	7	350	100	100	67	indexA	15	AGTCTC	0	4	25	1	25	1ng	500	25
K08	K	8	350	100	100	68	indexA	67	GCTCAG	0	4	25	1	25	1ng	500	25
K09	K	9	350	100	100	69	indexA	80	GTATCT	0	4	25	1	25	1ng	500	25
K10	K	10	350	100	100	70	indexA	74	GTACGT	0	4	25	1	25	1ng	500	25
K11	K	11	350	100	100	71	indexA	9	ACATGA	0	4	25	1	25	1ng	500	25
K12	K	12	350	100	100	72	indexA	91	TCGACG	0	4	25	1	25	1ng	500	25
K13	K	13	350	100	100	61	indexB	43	CGATAC	0	4	25	1	25	1ng	500	25
K14	K	14	350	100	100	62	indexB	82	TATACG	0	4	25	1	25	1ng	500	25
K15	K	15	350	100	0	63	indexB	10	AGTACG	100	4	25	1	25	1ng	500	25
K16	K	16	350	100	100	64	indexB	75	GTACTC	0	4	25	1	25	1ng	500	25
K17	K	17	350	100	100	65	indexB	45	CGATGA	0	4	25	1	25	1ng	500	25
K18	K	18	350	100	100	66	indexB	28	CACACG	0	4	25	1	25	1ng	500	25
K19	K	19	350	100	100	67	indexB	40	CGAGAT	0	4	25	1	25	1ng	500	25
K20	K	20	350	100	100	68	indexB	85	TATCAG	0	4	25	1	25	1ng	500	25
K21	K	21	350	100	100	69	indexB	90	TATGTG	0	4	25	1	25	1ng	500	25
K22	K	22	350	100	100	70	indexB	83	TATAGC	0	4	25	1	25	1ng	500	25
K23	K	23	350	100	100	71	indexB	94	TCGCAG	0	4	25	1	25	1ng	500	25
K24	K	24	350	100	100	72	indexB	46	CTGACG	0	4	25	1	25	1ng	500	25
L01	L	1	350	100	0	61	indexC	17	AGTGCA	100	4	25	1	25	1ng	500	25
L02	L	2	350	100	100	62	indexC	50	CTGCGT	0	4	25	1	25	1ng	500	25
L03	L	3	350	100	100	63	indexC	52	CTGTAC	0	4	25	1	25	1ng	500	25
L04	L	4	350	100	100	64	indexC	4	ACAGAT	0	4	25	1	25	1ng	500	25
L05	L	5	350	100	100	65	indexC	79	GTATAC	0	4	25	1	25	1ng	500	25
L06	L	6	350	100	100	66	indexC	62	GAGTCT	0	4	25	1	25	1ng	500	25
L07	L	7	350	100	100	67	indexC	95	TCGCGT	0	4	25	1	25	1ng	500	25
L08	L	8	350	100	100	68	indexC	78	GTAGTG	0	4	25	1	25	1ng	500	25
L09	L	9	350	100	100	69	indexC	48	CTGATA	0	4	25	1	25	1ng	500	25
L10	L	10	350	100	100	70	indexC	9	ACATGA	0	4	25	1	25	1ng	500	25
L11	L	11	350	100	100	71	indexC	32	CACGCA	0	4	25	1	25	1ng	500	25
L12	L	12	350	100	100	72	indexC	87	TATCTC	0	4	25	1	25	1ng	500	25
L13	L	13	350	100	100	61	indexD	78	GTAGTG	0	4	25	1	25	1ng	500	25
L14	L	14	350	100	100	62	indexD	62	GAGTCT	0	4	25	1	25	1ng	500	25
L15	L	15	350	100	100	63	indexD	17	AGTGCA	0	4	25	1	25	1ng	500	25
L16	L	16	350	100	100	64	indexD	3	ACACTC	0	4	25	1	25	1ng	500	25
L17	L	17	350	100	100	65	indexD	69	GCTCTC	0	4	25	1	25	1ng	500	25
L18	L	18	350	100	100	66	indexD	93	TCGATA	0	4	25	1	25	1ng	500	25
L19	L	19	350	100	100	67	indexD	92	TCGAGC	0	4	25	1	25	1ng	500	25
L20	L	20	350	100	0	68	indexD	88	TATGAT	100	4	25	1	25	1ng	500	25
L21	L	21	350	100	0	69	indexD	67	GCTCAG	100	4	25	1	25	1ng	500	25
L22	L	22	350	100	100	70	indexD	33	CACGTG	0	4	25	1	25	1ng	500	25
L23	L	23	350	100	0	71	indexD	40	CGAGAT	100	4	25	1	25	1ng	500	25
L24	L	24	350	100	100	72	indexD	12	AGTATA	0	4	25	1	25	1ng	500	25
M01	M	1	350	100	0	73	indexA	38	CGACGT	100	4	25	1	25	1ng	500	25
M02	M	2	350	100	100	74	indexA	31	CACGAT	0	4	25	1	25	1ng	500	25
M03	M	3	350	100	100	75	indexA	68	GCTCGT	0	4	25	1	25	1ng	500	25
M04	M	4	350	100	100	76	indexA	92	TCGAGC	0	4	25	1	25	1ng	500	25
M05	M	5	350	100	0	77	indexA	90	TATGTG	100	4	25	1	25	1ng	500	25
M06	M	6	350	100	100	78	indexA	29	CACAGC	0	4	25	1	25	1ng	500	25
M07	M	7	350	100	100	79	indexA	14	AGTCGT	0	4	25	1	25	1ng	500	25
M08	M	8	350	100	100	80	indexA	17	AGTGCA	0	4	25	1	25	1ng	500	25
M09	M	9	350	100	100	81	indexA	89	TATGCA	0	4	25	1	25	1ng	500	25
M10	M	10	350	100	100	82	indexA	88	TATGAT	0	4	25	1	25	1ng	500	25
M11	M	11	350	100	100	83	indexA	87	TATCTC	0	4	25	1	25	1ng	500	25
M12	M	12	350	100	100	84	indexA	51	CTGCTC	0	4	25	1	25	1ng	500	25
M13	M	13	350	100	0	73	indexB	95	TCGCGT	100	4	25	1	25	1ng	500	25
M14	M	14	350	100	0	74	indexB	91	TCGACG	100	4	25	1	25	1ng	500	25
M15	M	15	350	100	100	75	indexB	30	CACATA	0	4	25	1	25	1ng	500	25
M16	M	16	350	100	100	76	indexB	24	ATCGTG	0	4	25	1	25	1ng	500	25
M17	M	17	350	100	100	77	indexB	21	ATCATA	0	4	25	1	25	1ng	500	25
M18	M	18	350	100	100	78	indexB	76	GTAGAT	0	4	25	1	25	1ng	500	25
M19	M	19	350	100	100	79	indexB	37	CGACAG	0	4	25	1	25	1ng	500	25
M20	M	20	350	100	100	80	indexB	16	AGTGAT	0	4	25	1	25	1ng	500	25
M21	M	21	350	100	100	81	indexB	11	AGTAGC	0	4	25	1	25	1ng	500	25
M22	M	22	350	100	100	82	indexB	53	CTGTCT	0	4	25	1	25	1ng	500	25
M23	M	23	350	100	100	83	indexB	51	CTGCTC	0	4	25	1	25	1ng	500	25
M24	M	24	350	100	100	84	indexB	64	GCTACG	0	4	25	1	25	1ng	500	25
N01	N	1	350	100	100	73	indexC	65	GCTAGC	0	4	25	1	25	1ng	500	25
N02	N	2	350	100	100	74	indexC	63	GAGTGA	0	4	25	1	25	1ng	500	25
N03	N	3	350	100	100	75	indexC	2	ACACGT	0	4	25	1	25	1ng	500	25
N04	N	4	350	100	100	76	indexC	31	CACGAT	0	4	25	1	25	1ng	500	25
N05	N	5	350	100	100	77	indexC	13	AGTCAG	0	4	25	1	25	1ng	500	25
N06	N	6	350	100	100	78	indexC	49	CTGCAG	0	4	25	1	25	1ng	500	25
N07	N	7	350	100	100	79	indexC	39	CGACTC	0	4	25	1	25	1ng	500	25
N08	N	8	350	100	100	80	indexC	71	GCTGCA	0	4	25	1	25	1ng	500	25
N09	N	9	350	100	0	81	indexC	86	TATCGT	100	4	25	1	25	1ng	500	25
N10	N	10	350	100	100	82	indexC	74	GTACGT	0	4	25	1	25	1ng	500	25
N11	N	11	350	100	100	83	indexC	5	ACAGCA	0	4	25	1	25	1ng	500	25
N12	N	12	350	100	100	84	indexC	38	CGACGT	0	4	25	1	25	1ng	500	25
N13	N	13	350	100	100	73	indexD	90	TATGTG	0	4	25	1	25	1ng	500	25
N14	N	14	350	100	100	74	indexD	66	GCTATA	0	4	25	1	25	1ng	500	25
N15	N	15	350	100	100	75	indexD	70	GCTGAT	0	4	25	1	25	1ng	500	25
N16	N	16	350	100	100	76	indexD	68	GCTCGT	0	4	25	1	25	1ng	500	25
N17	N	17	350	100	100	77	indexD	25	ATCTAC	0	4	25	1	25	1ng	500	25
N18	N	18	350	100	100	78	indexD	65	GCTAGC	0	4	25	1	25	1ng	500	25
N19	N	19	350	100	100	79	indexD	2	ACACGT	0	4	25	1	25	1ng	500	25
N20	N	20	350	100	100	80	indexD	77	GTAGCA	0	4	25	1	25	1ng	500	25
N21	N	21	350	100	100	81	indexD	34	CACTAC	0	4	25	1	25	1ng	500	25
N22	N	22	350	100	100	82	indexD	37	CGACAG	0	4	25	1	25	1ng	500	25
N23	N	23	350	100	100	83	indexD	73	GTACAG	0	4	25	1	25	1ng	500	25
N24	N	24	350	100	100	84	indexD	51	CTGCTC	0	4	25	1	25	1ng	500	25
O01	O	1	350	100	100	85	indexA	73	GTACAG	0	4	25	1	25	1ng	500	25
O02	O	2	350	100	100	86	indexA	62	GAGTCT	0	4	25	1	25	1ng	500	25
O03	O	3	350	100	0	87	indexA	25	ATCTAC	100	4	25	1	25	1ng	500	25
O04	O	4	350	100	100	88	indexA	50	CTGCGT	0	4	25	1	25	1ng	500	25
O05	O	5	350	100	100	89	indexA	69	GCTCTC	0	4	25	1	25	1ng	500	25
O06	O	6	350	100	100	90	indexA	63	GAGTGA	0	4	25	1	25	1ng	500	25
O07	O	7	350	100	100	91	indexA	34	CACTAC	0	4	25	1	25	1ng	500	25
O08	O	8	350	100	100	92	indexA	70	GCTGAT	0	4	25	1	25	1ng	500	25
O09	O	9	350	100	100	93	indexA	53	CTGTCT	0	4	25	1	25	1ng	500	25
O10	O	10	350	100	100	94	indexA	4	ACAGAT	0	4	25	1	25	1ng	500	25
O11	O	11	350	100	100	95	indexA	44	CGATCT	0	4	25	1	25	1ng	500	25
O12	O	12	350	100	100	96	indexA	40	CGAGAT	0	4	25	1	25	1ng	500	25
O13	O	13	350	100	100	85	indexB	4	ACAGAT	0	4	25	1	25	1ng	500	25
O14	O	14	350	100	0	86	indexB	93	TCGATA	100	4	25	1	25	1ng	500	25
O15	O	15	350	100	100	87	indexB	73	GTACAG	0	4	25	1	25	1ng	500	25
O16	O	16	350	100	100	88	indexB	96	TCGCTC	0	4	25	1	25	1ng	500	25
O17	O	17	350	100	100	89	indexB	87	TATCTC	0	4	25	1	25	1ng	500	25
O18	O	18	350	100	100	90	indexB	42	CGAGTG	0	4	25	1	25	1ng	500	25
O19	O	19	350	100	100	91	indexB	88	TATGAT	0	4	25	1	25	1ng	500	25
O20	O	20	350	100	100	92	indexB	49	CTGCAG	0	4	25	1	25	1ng	500	25
O21	O	21	350	100	100	93	indexB	6	ACAGTG	0	4	25	1	25	1ng	500	25
O22	O	22	350	100	100	94	indexB	48	CTGATA	0	4	25	1	25	1ng	500	25
O23	O	23	350	100	100	95	indexB	17	AGTGCA	0	4	25	1	25	1ng	500	25
O24	O	24	350	100	100	96	indexB	1	ACACAG	0	4	25	1	25	1ng	500	25
P01	P	1	350	100	100	85	indexC	40	CGAGAT	0	4	25	1	25	1ng	500	25
P02	P	2	350	100	100	86	indexC	69	GCTCTC	0	4	25	1	25	1ng	500	25
P03	P	3	350	100	100	87	indexC	14	AGTCGT	0	4	25	1	25	1ng	500	25
P04	P	4	350	100	100	88	indexC	56	GAGAGC	0	4	25	1	25	1ng	500	25
P05	P	5	350	100	100	89	indexC	1	ACACAG	0	4	25	1	25	1ng	500	25
P06	P	6	350	100	100	90	indexC	30	CACATA	0	4	25	1	25	1ng	500	25
P07	P	7	350	100	100	91	indexC	41	CGAGCA	0	4	25	1	25	1ng	500	25
P08	P	8	350	100	100	92	indexC	81	GTATGA	0	4	25	1	25	1ng	500	25
P09	P	9	350	100	100	93	indexC	64	GCTACG	0	4	25	1	25	1ng	500	25
P10	P	10	350	100	100	94	indexC	94	TCGCAG	0	4	25	1	25	1ng	500	25
P11	P	11	350	100	100	95	indexC	25	ATCTAC	0	4	25	1	25	1ng	500	25
P12	P	12	350	100	100	96	indexC	43	CGATAC	0	4	25	1	25	1ng	500	25
P13	P	13	350	100	100	85	indexD	58	GAGCAG	0	4	25	1	25	1ng	500	25
P14	P	14	350	100	100	86	indexD	32	CACGCA	0	4	25	1	25	1ng	500	25
P15	P	15	350	100	0	87	indexD	39	CGACTC	100	4	25	1	25	1ng	500	25
P16	P	16	350	100	100	88	indexD	50	CTGCGT	0	4	25	1	25	1ng	500	25
P17	P	17	350	100	100	89	indexD	10	AGTACG	0	4	25	1	25	1ng	500	25
P18	P	18	350	100	100	90	indexD	36	CACTGA	0	4	25	1	25	1ng	500	25
P19	P	19	350	100	100	91	indexD	81	GTATGA	0	4	25	1	25	1ng	500	25
P20	P	20	350	100	100	92	indexD	75	GTACTC	0	4	25	1	25	1ng	500	25
P21	P	21	350	100	100	93	indexD	60	GAGCTC	0	4	25	1	25	1ng	500	25
P22	P	22	350	100	0	94	indexD	29	CACAGC	100	4	25	1	25	1ng	500	25
P23	P	23	350	100	100	95	indexD	86	TATCGT	0	4	25	1	25	1ng	500	25
P24	P	24	350	100	0	96	indexD	1	ACACAG	100	4	25	1	25	1ng	500	25
