Well	ID	plate	A260	A280	conc_corr_Fact	stock_nmoles	obs_source_MW	exp_conc	obs_conc	corr_obs_conc	exp_molarity	obs_molarity	delta_molarity	source_obs_molarity	dilution_factor_for_100uM	TSO_vol_for_100uM	H20_vol_for_100uM	TSO_vol_for_100uM_2	H2O_vol_for_100uM_2
A1	1	1	42.5503333333333	23.2713333333333	31.1951219512195	92	13963.5	1396.35	2127.66666666667	1327.45642276423	100	95.0661669899543	4.93383301004566	950.661669899543	9.50661669899544	2.1037978739706	17.8962021260294	3	25.5198500969863
A2	2	1	37.1753333333333	21.5206666666667	31.3488372093023	97	13956.1	1395.61	1859	1165.54976744186	100	83.5154353610149	16.4845646389851	835.154353610149	8.35154353610149	2.39476689710655	17.6052331028935	3	22.0546306083045
A3	3	1	40.176	23.1306666666667	31.547619047619	95	13916.9	1391.69	2008.66666666667	1267.37301587302	100	91.0671928283609	8.9328071716391	910.671928283609	9.10671928283609	2.19618057599459	17.8038194240054	3	24.3201578485083
A4	4	1	36.4546666666667	19.517	30.7297297297297	81	13991.2	1399.12	1823	1120.40594594595	100	80.0793317189338	19.9206682810662	800.793317189338	8.00793317189338	2.49752333975475	17.5024766602453	3	21.0237995156801
A5	5	1	31.818	17.2576666666667	31.05	89	13963	1396.3	1590.66666666667	987.804	100	70.7443959034592	29.2556040965408	707.443959034591	7.07443959034591	2.82707905616904	17.172920943831	3	18.2233187710377
A6	6	1	29.496	15.8956666666667	31.5	77	13995.8	1399.58	1475	929.25	100	66.3949184755427	33.6050815244573	663.949184755427	6.63949184755427	3.01227871939736	16.9877212806026	3	16.9184755426628
A7	7	1	34.4376666666667	18.7213333333333	30.7297297297297	82	13939.8	1393.98	1721.66666666667	1058.12702702703	100	75.9069016074138	24.0930983925862	759.069016074138	7.59069016074138	2.63480652964059	17.3651934703594	3	19.7720704822241
A8	8	1	23.509	12.8413333333333	31.7631578947368	87	13917.5	1391.75	1175.33333333333	746.645964912281	100	53.6479946047983	46.3520053952017	536.479946047983	5.36479946047983	3.72800514675924	16.2719948532408	3	13.0943983814395
A9	9	1	24.446	13.518	30.8636363636364	97	13975.6	1397.56	1222.33333333333	754.51303030303	100	53.9878810428912	46.0121189571088	539.878810428912	5.39878810428912	3.70453509447996	16.29546490552	3	13.1963643128674
A10	10	1	40.1683333333333	22.434	31.1860465116279	96	14004.9	1400.49	2008.33333333333	1252.63953488372	100	89.4429474600833	10.5570525399167	894.429474600833	8.94429474600833	2.23606226851207	17.7639377314879	3	23.832884238025
A11	11	1	19.5773333333333	10.808	31.2926829268293	92	14005.3	1400.53	978.833333333333	612.606422764228	100	43.7410425170634	56.2589574829366	437.410425170634	4.37410425170634	4.5723647286637	15.4276352713363	3	10.122312755119
A12	12	1	-0.108	-0.0533333333333333	30.7692307692308	86	14004.9	1400.49	-5.394	-3.31938461538462	100	-0.23701594551797	100.237015945518	-2.3701594551797	-0.023701594551797	-843.825083426029	863.825083426029	3	-3.07110478365539
B1	13	1	32.1476666666667	17.8536666666667	31.2631578947368	85	13996.2	1399.62	1607.33333333333	1005.00631578947	100	71.8056555200321	28.1943444799679	718.056555200321	7.18056555200321	2.78529592901223	17.2147040709878	3	18.5416966560096
B2	14	1	24.914	13.8986666666667	31.575	90	13970.7	1397.07	1246	786.849	100	56.321372586914	43.678627413086	563.21372586914	5.6321372586914	3.55104982023234	16.4489501797677	3	13.8964117760742
B3	15	1	18.239	10.3836666666667	31.3	90	13948.6	1394.86	911.933333333333	570.870266666667	100	40.9267071008321	59.0732928991679	409.267071008321	4.09267071008321	4.88678455139953	15.1132154486005	3	9.27801213024963
B4	16	1	39.7433333333333	21.5106666666667	31.1282051282051	87	13996	1399.6	1987	1237.03487179487	100	88.3848865243549	11.6151134756451	883.848865243549	8.83848865243549	2.26283030804015	17.7371696919598	3	23.5154659573065
B5	17	1	33.695	18.4743333333333	31.1538461538462	87	14004.6	1400.46	1684.66666666667	1049.67692307692	100	74.9522958939865	25.0477041060135	749.522958939865	7.49522958939865	2.66836389218661	17.3316361078134	3	19.4856887681959
B6	18	1	35.222	19.2516666666667	31.3333333333333	101	14052.9	1405.29	1761.33333333333	1103.76888888889	100	78.543851367966	21.456148632034	785.43851367966	7.8543851367966	2.54634826936396	17.453651730636	3	20.5631554103898
B7	19	1	33.8706666666667	18.9743333333333	31.1463414634146	92	13979.4	1397.94	1693.66666666667	1055.03040650407	100	75.4703640001763	24.5296359998237	754.703640001763	7.54703640001763	2.65004684487189	17.3499531551281	3	19.6411092000529
B8	20	1	32.2536666666667	18.104	31.55	91	13973.4	1397.34	1613	1017.803	100	72.8386076402307	27.1613923597693	728.386076402307	7.28386076402307	2.74579658342528	17.2542034165747	3	18.8515822920692
B9	21	1	37.3016666666667	20.4843333333333	31.0697674418605	96	13989.9	1398.99	1865.33333333333	1159.10945736434	100	82.853305410642	17.146694589358	828.53305410642	8.2853305410642	2.41390490106278	17.5860950989372	3	21.8559916231926
B10	22	1	27.062	15.202	31.063829787234	105	13996.3	1399.63	1353.33333333333	840.794326241135	100	60.072613922332	39.927386077668	600.72613922332	6.0072613922332	3.32930410284095	16.6706958971591	3	15.0217841766996
B11	23	1	33.9496666666667	19.0466666666667	31.025	89	13955	1395.5	1697.66666666667	1053.40216666667	100	75.485644332975	24.514355667025	754.85644332975	7.5485644332975	2.64951040382962	17.3504895961704	3	19.6456932998925
B12	24	1	70.294	40.4946666666667	31.3	90	13988	1398.8	3514.66666666667	2200.18133333333	100	157.290630063864	-57.2906300638643	1572.90630063864	15.7290630063864	1.27153155861093	18.7284684413891	3	44.1871890191593
C1	25	1	29.239	17.0446666666667	31.4418604651163	97	13947.1	1394.71	1462	919.36	100	65.917645962243	34.082354037757	659.17645962243	6.5917645962243	3.03408893143056	16.9659110685694	3	16.7752937886729
C2	26	1	26.7036666666667	15.9286666666667	31.8536585365854	94	13906.5	1390.65	1335	850.492682926829	100	61.1579249219307	38.8420750780693	611.579249219307	6.11579249219307	3.27022213810073	16.7297778618993	3	15.3473774765792
C3	27	1	38.3893333333333	22.031	31	84	13979.3	1397.93	1919.33333333333	1189.98666666667	100	85.1249108801347	14.8750891198653	851.249108801347	8.51249108801347	2.34948850967518	17.6505114903248	3	22.5374732640404
C4	28	1	27.6546666666667	15.5133333333333	31.1463414634146	92	13940.8	1394.08	1382.66666666667	861.300162601626	100	61.7826927150254	38.2173072849746	617.826927150254	6.17826927150254	3.23715252947142	16.7628474705286	3	15.5348078145076
C5	29	1	25.288	14.325	31.7647058823529	78	13928.9	1392.89	1264.33333333333	803.223529411765	100	57.6659699912961	42.3340300087039	576.659699912961	5.76659699912961	3.46824999267657	16.5317500073234	3	14.2997909973888
C6	30	1	29.4613333333333	16.1236666666667	31.1627906976744	96	13949.3	1394.93	1473	918.055813953488	100	65.8137550954878	34.1862449045122	658.137550954878	6.58137550954878	3.03887841849814	16.9611215815019	3	16.7441265286464
C7	31	1	21.427	11.9013333333333	31.6111111111111	82	13953	1395.3	1071.33333333333	677.320740740741	100	48.543018758743	51.456981241257	485.43018758743	4.8543018758743	4.12005691269413	15.8799430873059	3	11.5629056276229
C8	32	1	25.345	14.407	31.5789473684211	86	13943.3	1394.33	1267	800.210526315789	100	57.3903255553412	42.6096744446588	573.903255553412	5.73903255553412	3.48490791896869	16.5150920810313	3	14.2170976666024
C9	33	1	31.704	18.2103333333333	31.9166666666667	82	13968.7	1396.87	1585.33333333333	1011.97111111111	100	72.4456184978639	27.5543815021361	724.456184978639	7.24456184978639	2.76069145583866	17.2393085441613	3	18.7336855493592
C10	34	1	31.7606666666667	17.8373333333333	31.8333333333333	82	13914.9	1391.49	1587.66666666667	1010.81444444444	100	72.6425949481811	27.3574050518189	726.425949481811	7.26425949481811	2.75320561087704	17.246794389123	3	18.7927784844543
C11	35	1	28.981	17.0413333333333	31.6190476190476	96	13902.2	1390.22	1449	916.32	100	65.9118700637309	34.0881299362691	659.118700637309	6.59118700637309	3.03435481054653	16.9656451894535	3	16.7735610191193
C12	36	1	32.5476666666667	18.242	31.7209302325581	98	13971.5	1397.15	1627.33333333333	1032.41054263566	100	73.8940373356947	26.1059626643053	738.940373356947	7.38940373356947	2.70657832771291	17.2934216722871	3	19.1682112007084
D1	37	1	36.1796666666667	20.9746666666667	31.6388888888889	82	13989.4	1398.94	1809	1144.695	100	81.8258824538579	18.1741175461421	818.258824538579	8.18258824538579	2.44421439772166	17.5557856022783	3	21.5477647361574
D2	38	1	38.86	21.395	31.6470588235294	77	13996.2	1399.62	1943	1229.80470588235	100	87.8670429032418	12.1329570967582	878.670429032418	8.78670429032418	2.27616627795518	17.7238337220448	3	23.3601128709725
D3	39	1	36.1416666666667	20.577	31.7027027027027	84	13917.5	1391.75	1807	1145.73567567568	100	82.3233824807383	17.6766175192617	823.233824807383	8.23233824807383	2.42944342145799	17.570556578542	3	21.6970147442215
D4	40	1	38.5156666666667	21.945	31.1891891891892	83	13980.6	1398.06	1925.66666666667	1201.19963963964	100	85.919033492099	14.080966507901	859.19033492099	8.5919033492099	2.3277729261048	17.6722270738952	3	22.7757100476297
D5	41	1	32.989	18.9406666666667	31.5675675675676	84	13980	1398	1649.66666666667	1041.51927927928	100	74.5006637538826	25.4993362461174	745.006637538826	7.45006637538826	2.68453984062091	17.3154601593791	3	19.3501991261648
D6	42	1	34.7723333333333	19.26	31.2222222222222	80	13997.1	1399.71	1738.66666666667	1085.70074074074	100	77.566120177804	22.433879822196	775.66120177804	7.7566120177804	2.57844532563369	17.4215546743663	3	20.2698360533412
D7	43	1	32.0203333333333	17.722	31.4324324324324	83	13955.5	1395.55	1601	1006.46648648649	100	72.1197009413125	27.8802990586875	721.197009413125	7.21197009413125	2.77316735080128	17.2268326491987	3	18.6359102823938
D8	44	1	31.3963333333333	17.6956666666667	31.3414634146341	92	13949	1394.9	1569.66666666667	983.913008130081	100	70.5364548089527	29.4635451910473	705.364548089527	7.05364548089527	2.83541327022599	17.164586729774	3	18.1609364426858
D9	45	1	36.6336666666667	20.8783333333333	30.7894736842105	84	13996.1	1399.61	1831.66666666667	1127.92105263158	100	80.5882390545637	19.4117609454363	805.882390545637	8.05882390545637	2.48175170901286	17.5182482909871	3	21.1764717163691
D10	46	1	36.256	20.2966666666667	31.5238095238095	95	13971.7	1397.17	1812.66666666667	1142.84317460317	100	81.7970021259528	18.2029978740472	817.970021259528	8.17970021259528	2.44507738427914	17.5549226157209	3	21.5391006377858
D11	47	1	37.9933333333333	21.5903333333333	31.8717948717949	89	13972.4	1397.24	1899.66666666667	1210.91572649573	100	86.6648339938541	13.3351660061459	866.648339938541	8.66648339938541	2.30774110770446	17.6922588922955	3	22.9994501981562
D12	48	1	36.354	21.2076666666667	31.5641025641026	88	13957.5	1395.75	1817.66666666667	1147.46034188034	100	82.2110221658852	17.7889778341148	822.110221658852	8.22110221658851	2.43276381598128	17.5672361840187	3	21.6633066497655
E1	49	1	39.429	23.2176666666667	31.8235294117647	77	13965.4	1396.54	1971.33333333333	1254.69568627451	100	89.8431614042211	10.1568385957789	898.431614042211	8.98431614042211	2.22610154044071	17.7738984595593	3	23.9529484212663
E2	50	1	31.718	19.2166666666667	31.5348837209302	97	13980.4	1398.04	1585.66666666667	1000.07627906977	100	71.5341677684306	28.4658322315694	715.341677684306	7.15341677684306	2.79586673388635	17.2041332661137	3	18.4602503305292
E3	51	1	26.282	16.1283333333333	32.5135135135135	86	13905.1	1390.51	1314	854.455135135135	100	61.4490464027684	38.5509535972316	614.490464027684	6.14490464027684	3.25472910822892	16.7452708917711	3	15.4347139208305
E4	52	1	17.7353333333333	9.86466666666667	31.4583333333333	54	13947.5	1394.75	886.8	557.945	100	40.0032263846567	59.9967736153433	400.032263846568	4.00032263846567	4.99959673444515	15.0004032655548	3	9.00096791539703
E5	53	1	0.001	0.0166666666666667	31.7083333333333	55	13947.7	1394.77	0.0508716666666667	0.0322611152777778	100	0.00231300610694077	99.9976869938931	0.0231300610694077	0.000231300610694077	86467.5624503751	-86447.5624503751	3	-2.99930609816792
E6	54	1	-0.000666666666666667	0.009	32.05	46	14006.4	1400.64	-0.0336633333333333	-0.0215781966666666	100	-0.00154059548968091	100.00154059549	-0.0154059548968091	-0.000154059548968091	-129819.930890116	129839.930890116	3	-3.0004621786469
E7	55	1	31.5883333333333	16.4243333333333	31.85	45	14036.2	1403.62	1579.66666666667	1006.24766666667	100	71.6894648599098	28.3105351400902	716.894648599098	7.16894648599098	2.78981019583317	17.2101898041668	3	18.506839457973
E8	56	1	0.000333333333333333	0.013	30.3888888888889	39	14004.5	1400.45	0.0260266666666667	0.0158184296296296	100	0.00112952476915489	99.9988704752308	0.0112952476915489	0.000112952476915489	177065.61685198	-177045.61685198	3	-2.99966114256925
E9	57	1	44.59	24.4326666666667	31.2692307692308	58	14020.8	1402.08	2229.33333333333	1394.19076923077	100	99.4373194989423	0.562680501057741	994.373194989423	9.94373194989423	2.01131729020639	17.9886827097936	3	26.8311958496827
E10	58	1	33.0206666666667	18.4783333333333	31.1111111111111	80	14030.7	1403.07	1651	1027.28888888889	100	73.2172228676323	26.7827771323677	732.172228676323	7.32172228676323	2.73159773297569	17.2684022670243	3	18.9651668602897
E11	59	1	33.1696666666667	18.7096666666667	31.675	91	13996	1399.6	1658.33333333333	1050.55416666667	100	75.0610293417167	24.9389706582833	750.610293417167	7.50610293417167	2.66449849880817	17.3355015011918	3	19.518308802515
E12	60	1	33.5263333333333	19.1113333333333	31.5945945945946	84	13955.2	1395.52	1676	1059.05081081081	100	75.8893323500065	24.1106676499935	758.893323500065	7.58893323500065	2.63541651779972	17.3645834822003	3	19.766799705002
F1	61	1	31.023	17.3626666666667	31.0952380952381	93	14005.5	1400.55	1551.33333333333	964.781587301587	100	68.8859082004632	31.1140917995368	688.859082004632	6.88859082004632	2.90335142882903	17.096648571171	3	17.665772460139
F2	62	1	27.8763333333333	15.6303333333333	31.5263157894737	86	13984.2	1398.42	1393.66666666667	878.74350877193	100	62.8383110061305	37.1616889938695	628.383110061305	6.28383110061305	3.18277173268531	16.8172282673147	3	15.8514933018391
F3	63	1	40.374	21.931	31.3157894736842	85	14045.6	1404.56	2018.66666666667	1264.32280701754	100	90.0155783318295	9.98442166817053	900.155783318295	9.00155783318295	2.22183763862216	17.7781623613778	3	24.0046734995488
F4	64	1	26.544	15.186	31.6428571428571	95	13964.9	1396.49	1327.33333333333	840.012380952381	100	60.1516932417977	39.8483067582023	601.516932417977	6.01516932417977	3.32492718361294	16.6750728163871	3	15.0455079725393
F5	65	1	29.271	16.5296666666667	32.0277777777778	83	13996	1399.6	1463.33333333333	937.346296296296	100	66.9724418616959	33.0275581383041	669.724418616959	6.69724418616959	2.98630293954367	17.0136970604563	3	17.0917325585088
F6	66	1	30.9646666666667	17.2963333333333	31.5	77	13963.7	1396.37	1548.33333333333	975.45	100	69.8561269577547	30.1438730422453	698.561269577547	6.98561269577547	2.86302732072377	17.1369726792762	3	17.9568380873264
F7	67	1	27.1906666666667	15.5663333333333	31.2619047619048	94	13956.4	1395.64	1359.33333333333	849.906984126984	100	60.8972932938999	39.1027067061001	608.972932938999	6.08972932938999	3.28421821697015	16.7157817830299	3	15.26918798817
F8	68	1	25.9126666666667	15.005	31.7560975609756	93	13946.9	1394.69	1296	823.118048780488	100	59.0179931583712	40.9820068416288	590.179931583712	5.90179931583712	3.38879703115814	16.6112029688419	3	14.7053979475114
F9	69	1	24.7326666666667	14.6956666666667	32.2439024390244	95	13925.1	1392.51	1237	797.714146341463	100	57.2860623149179	42.7139376850821	572.860623149179	5.72860623149179	3.4912506099746	16.5087493900254	3	14.1858186944754
F10	70	1	22.343	13.4286666666667	31.8095238095238	96	14005.6	1400.56	1117.33333333333	710.836825396825	100	50.7537574539345	49.2462425460655	507.537574539345	5.07537574539345	3.94059494376402	16.059405056236	3	12.2261272361804
F11	71	1	31.5233333333333	17.775	31.3333333333333	81	13999.2	1399.92	1576	987.626666666667	100	70.548793264377	29.451206735623	705.48793264377	7.0548793264377	2.83491737768658	17.1650826223134	3	18.1646379793131
F12	72	1	91.107	54.952	31.9189189189189	84	13987.9	1398.79	4555.33333333333	2908.02630630631	100	207.895846146048	-107.895846146048	2078.95846146048	20.7895846146048	0.962020183219528	19.0379798167805	3	59.3687538438144
G1	73	1	42.3396666666667	23.74	31.175	89	14005.7	1400.57	2117	1319.9495	100	94.2437364787194	5.75626352128062	942.437364787194	9.42437364787194	2.12215694615589	17.8778430538441	3	25.2731209436158
G2	74	1	28.263	16.4036666666667	31.1875	107	13971.5	1397.15	1413.33333333333	881.566666666667	100	63.0974960932374	36.9025039067626	630.974960932374	6.30974960932374	3.16969788633872	16.8303021136613	3	15.9292488279712
G3	75	1	32.6433333333333	19.2303333333333	31.7894736842105	87	13931.1	1393.11	1632	1037.60842105263	100	74.4814423163018	25.5185576836982	744.814423163018	7.44814423163018	2.68523264024153	17.3147673597585	3	19.3444326948905
G4	76	1	35.4246666666667	19.539	30.925	88	14035.3	1403.53	1771.33333333333	1095.56966666667	100	78.0581581203584	21.9418418796416	780.581581203584	7.80581581203584	2.56219215026338	17.4378078497366	3	20.4174474361075
G5	77	1	31.915	18.0863333333333	31.1860465116279	96	14029.9	1402.99	1595.66666666667	995.250697674419	100	70.9378326056792	29.0621673943208	709.378326056792	7.09378326056792	2.81937004069093	17.1806299593091	3	18.2813497817038
G6	78	1	29.129	15.6806666666667	31.0277777777778	80	14044.5	1404.45	1456.66666666667	903.942592592593	100	64.3627464553806	35.6372535446194	643.627464553806	6.43627464553806	3.10738759631163	16.8926124036884	3	16.3088239366142
G7	79	1	23.076	12.9626666666667	31.4666666666667	101	13972.1	1397.21	1153.66666666667	726.040888888889	100	51.9636195624773	48.0363804375227	519.636195624773	5.19636195624773	3.84884659082562	16.1511534091744	3	12.5890858687432
G8	80	1	24.854	14.2096666666667	31.6511627906977	98	13947.1	1394.71	1243	786.847906976744	100	56.4165960648984	43.5834039351016	564.165960648984	5.64165960648984	3.54505613507649	16.4549438649235	3	13.9249788194695
G9	81	1	28.8116666666667	15.5923333333333	31.2820512820513	87	13995.6	1399.56	1440.33333333333	901.131623931624	100	64.3867804118168	35.6132195881832	643.867804118168	6.43867804118169	3.10622768712464	16.8937723128754	3	16.3160341235451
G10	82	1	24.901	13.9426666666667	31.2127659574468	105	13972.9	1397.29	1245	777.197872340426	100	55.6218016546619	44.3781983453381	556.218016546619	5.56218016546619	3.59571236548101	16.404287634519	3	13.6865404963986
G11	83	1	28.484	15.6606666666667	30.975	89	13995.9	1399.59	1424.33333333333	882.3745	100	63.0452132410206	36.9547867589794	630.452132410206	6.30452132410206	3.17232648948944	16.8276735105106	3	15.9135639723062
G12	84	1	-0.011	-0.00866666666666667	31.0810810810811	82	13996.7	1399.67	-0.541333333333333	-0.336504504504504	100	-0.0240417030088881	100.024041703009	-0.240417030088881	-0.00240417030088881	-8318.8782394517	8338.8782394517	3	-3.00721251090267
H1	85	1	32.0596666666667	17.8616666666667	31.2340425531915	105	13955.3	1395.53	1603.33333333333	1001.57163120567	100	71.7699821003972	28.2300178996028	717.699821003972	7.17699821003972	2.78668036617628	17.2133196338237	3	18.5309946301192
H2	86	1	34.6503333333333	19.5293333333333	31.0697674418605	96	13988.6	1398.86	1732.66666666667	1076.67100775194	100	76.9677457180803	23.0322542819197	769.677457180803	7.69677457180803	2.59849107095543	17.4015089290446	3	20.0903237154241
H3	87	1	38.86	22.2586666666667	31.75	82	13916.7	1391.67	1942.66666666667	1233.59333333333	100	88.6412248114376	11.3587751885624	886.412248114376	8.86412248114376	2.25628651257303	17.743713487427	3	23.5923674434313
H4	88	1	41.249	22.3703333333333	31.5128205128205	88	13970.1	1397.01	2062.33333333333	1299.7988034188	100	93.0414816943904	6.95851830560959	930.414816943904	9.30414816943904	2.14957883685614	17.8504211631439	3	24.9124445083171
H5	89	1	50.168	28.7086666666667	31.3333333333333	94	13955.4	1395.54	2508.33333333333	1571.88888888889	100	112.636605822039	-12.6366058220394	1126.36605822039	11.2636605822039	1.77562168657666	18.2243783134233	3	30.7909817466118
H6	90	1	91.9296666666667	55.439	31.2564102564103	87	13998.5	1399.85	4596.66666666667	2873.50598290598	100	205.272420824087	-105.272420824087	2052.72420824087	20.5272420824087	0.974315006356332	19.0256849936437	3	58.5817262472261
H7	91	1	96.9183333333333	67.1586666666667	31.8918918918919	85	13960.1	1396.01	4846	3090.96216216216	100	221.414041601576	-121.414041601576	2214.14041601576	22.1414041601576	0.903285078729968	19.09671492127	3	63.4242124804728
H8	92	1	86.5506666666667	53.2156666666667	31.3181818181818	99	13965.8	1396.58	4327.66666666667	2710.69303030303	100	194.095077281862	-94.0950772818622	1940.95077281862	19.4095077281862	1.03042283606999	18.96957716393	3	55.2285231845586
H9	93	1	0.009	-0.00966666666666667	31.1315789473684	85	13955.1	1395.51	0.4491	0.279623842105263	100	0.0200373943651614	99.9799626056348	0.200373943651614	0.00200373943651614	9981.33771064247	-9961.33771064247	3	-2.99398878169045
H10	94	1	0.406666666666667	0.256	31.2777777777778	81	13971.8	1397.18	20.3366666666667	12.7217148148148	100	0.910527978844159	99.0894720211558	9.10527978844159	0.0910527978844159	219.652778000171	-199.652778000171	3	-2.72684160634675
H11	95	1	-0.000333333333333333	-0.006	31.7179487179487	89	13962.9	1396.29	-0.00113333333333335	-0.00071894017094018	100	-5.1489316040377e-05	100.000051489316	-0.00051489316040377	-5.1489316040377e-06	-3884300.96533354	3884320.96533354	3	-3.00001544679481
H12	96	1	-0.00633333333333333	-0.0143333333333333	32.1578947368421	88	13922.4	1392.24	-0.32147	-0.206755968421053	100	-0.0148505982029717	100.014850598203	-0.148505982029717	-0.00148505982029717	-13467.4709574985	13487.4709574985	3	-3.00445517946089
